272561	272561
1113537	272561
813	272561
813	272561
813	272561
813	272561
813	272561
813	272561
813	272561
272561	272561
83558	272561
813	272561
813	272561
813	272561
272561	272561
272561	272561
272561	272561
813	272561
813	272561
272561	272561
272561	272561
813	272561
813	272561
813	272561
813	272561
272561	272561
272561	272561
813	272561
272561	272561
813	272561
272561	272561
272561	272561
272561	272561
813	272561
813	272561
813	272561
272561	272561
272561	272561
272561	272561
813	272561
813	272561
813	272561
272561	272561
272561	272561
813	272561
813	272561
810	272561
272561	272561
272561	272561
813	272561
272561	272561
813	272561
810	272561
813	272561
813	272561
813	272561
813	272561
813	272561
813	272561
1113537	272561
813	272561
272561	272561
813	272561
813	272561
272561	272561
810	272561
810	272561
272561	272561
272624	272561
813	272561
810	272561
813	272561
813	272561
272561	272561
813	272561
813	272561
813	272561
813	272561
810	272561
272561	272561
272561	272561
810	272561
272561	272561
272561	272561
272561	272561
272561	272561
813	272561
810	272561
813	272561
813	272561
810	272561
272561	272561
1113537	272561
813	272561
813	272561
777	272561
813	272561
272561	272561
272561	272561
810	272561
272561	272561
272561	272561
813	272561
272561	272561
272561	272561
28105	266834
395963	266834
82115	266834
266834	266834
59201	266834
3702	266834
266835	266834
266834	266834
266834	266834
266834	266834
28105	266834
266834	266834
82115	266834
266834	266834
28105	266834
72587	266834
176299	266834
266834	266834
234	266834
266834	266834
347834	266834
82115	266834
28105	266834
71421	266834
562	266834
266834	266834
82115	266834
266834	266834
28105	266834
382	266834
266834	266834
266834	266834
28105	266834
99287	266834
366394	266834
266834	266834
266834	266834
1437010	266834
266834	266834
266834	266834
266834	266834
1224	266834
543	266834
28105	266834
266834	266834
28105	266834
266834	266834
83333	266834
266834	266834
266834	266834
266834	266834
272943	266834
3702	266834
266834	266834
266834	266834
28105	266834
347834	266834
266834	266834
266834	266834
266834	266834
28105	266834
266834	266834
366394	266834
566	266834
358	266834
266834	266834
266834	266834
266834	266834
266834	266834
266834	266834
382640	266834
266834	266834
266834	266834
266834	266834
266834	266834
379	266834
266834	266834
266834	266834
266834	266834
266834	266834
28105	266834
395492	266834
565050	266834
266834	266834
266834	266834
369723	266834
28105	266834
6239	266834
224911	266834
266834	266834
266834	266834
28105	266834
266834	266834
82115	266834
266834	266834
28105	266834
28105	266834
28105	266834
272630	266834
266834	266834
71421	266834
394	266834
266834	266834
266834	266834
266834	266834
266834	266834
266834	266834
543	266834
266834	266834
266834	266834
224308	266834
266834	266834
216596	266834
234	266834
266834	266834
266834	266834
266834	266834
266834	266834
394	266834
266834	266834
294	266834
28105	266834
266834	266834
272943	266834
356	266834
3702	266834
266834	266834
208964	266834
287	266834
266834	266834
266834	266834
28105	266834
82115	266834
43306	266834
2242	266834
100226	266834
266834	266834
266834	266834
266834	266834
266834	266834
13690	266834
266834	266834
266834	266834
190650	266834
266834	266834
2037	266834
266834	266834
1236	266834
82115	266834
266834	266834
266834	266834
391595	266834
266834	266834
266834	266834
266834	266834
266834	266834
83333	266834
266834	266834
266834	266834
266834	266834
384	266834
266834	266834
266834	266834
266834	266834
266834	266834
208964	266834
28105	266834
114292	266834
43306	266834
266834	266834
28105	266834
28105	266834
266834	266834
266834	266834
266834	266834
208964	266834
266834	266834
394	266834
266834	266834
562	266834
266834	266834
266834	266834
266834	266834
28105	266834
69014	266834
266834	266834
28105	266834
243277	266834
266834	266834
266834	266834
1282	176280
93061	176280
1282	176280
1282	176280
1282	176280
1282	176280
1282	176280
224308	176280
224308	176280
176280	176280
272558	176280
1279	176280
1282	176280
224308	176280
1282	176280
224308	176280
2	176280
1282	176280
176280	176280
1282	176280
1282	176280
1282	176280
1282	176280
1282	176280
1282	176280
1282	176280
1476	176280
1282	176280
1282	176280
224308	176280
1282	176280
1282	176280
1282	176280
176280	176280
176280	176280
1282	176280
1282	176280
1282	176280
1282	176280
1282	176280
46170	176280
1282	176280
224308	176280
1282	176280
1236	176280
46170	176280
1282	176280
1282	176280
1282	176280
1282	176280
1282	176280
1279	176280
224308	176280
1282	176280
1282	176280
1282	176280
1282	176280
1282	176280
176280	176280
1282	176280
1282	176280
1282	176280
1282	176280
1279	176280
1282	176280
176279	176280
1282	176280
1282	176280
342451	176280
1280	176280
1282	176280
1282	176280
176280	176280
1282	176280
1282	176280
224308	176280
1280	176280
1282	176280
543	176280
1279	176280
1279	176280
1282	176280
1282	176280
1282	176280
1282	176280
1282	176280
1279	176280
1282	176280
272943	176280
1282	176280
1279	176280
93061	176280
1282	176280
224308	176280
1282	176280
176280	176280
224308	176280
1282	176280
224308	176280
1282	176280
93061	176280
1282	176280
224308	176280
1282	176280
1423	176280
1282	176280
1279	176280
93061	176280
1282	176280
1282	176280
1282	176280
224308	176280
1282	176280
1282	176280
1358	176280
1359	176280
176280	176280
1282	176280
1282	176280
1282	176280
1279	176280
46170	176280
1282	176280
1280	176280
1282	176280
1282	176280
1282	176280
46170	176280
1282	176280
224308	176280
1282	176280
176280	176280
1282	176280
1282	176280
1282	176280
1282	176280
1386	176280
1282	176280
1282	176280
1282	176280
1282	176280
176280	176280
224308	176280
1282	176280
1279	176280
224308	176280
1282	176280
176279	176280
279808	176280
1282	176280
46170	176280
224308	176280
176280	176280
396513	176280
1279	176280
1282	176280
1279	176280
1282	176280
1282	176280
1282	176280
1279	176280
1282	176280
1282	176280
1282	176280
653685	176280
1282	176280
1282	176280
1282	176280
1282	176280
1282	176280
224308	176280
224308	176280
1282	176280
224308	176280
1282	176280
224308	176280
1282	176280
1279	176280
1282	176280
176280	176280
1282	176280
1282	176280
176280	176280
1282	176280
224308	176280
1279	176280
176279	176280
1282	176280
1282	176280
1282	176280
1279	176280
1282	176280
224308	176280
224308	176280
1282	176280
1280	176280
224308	176280
1282	176280
1282	176280
1282	176280
1279	176280
1282	176280
1282	176280
1280	176280
1282	176280
1282	176280
224308	176280
1282	176280
176280	176280
1279	176280
1282	176280
1279	176280
176280	176280
224308	176280
1282	176280
1282	176280
1282	176280
243232	176280
1282	176280
1282	176280
176280	176280
224308	176280
1282	176280
1282	176280
1282	176280
224308	176280
1282	176280
71421	176280
1282	176280
1396	176280
1282	176280
1282	176280
1282	176280
1282	176280
224308	176280
176279	176280
1279	176280
1282	176280
176280	176280
1282	176280
1313	176280
1282	176280
1282	176280
1282	176280
1437201	176280
1282	176280
543	223926
223926	223926
629	223926
717610	223926
662	223926
243277	223926
717610	223926
223926	223926
223926	223926
223926	223926
338187	223926
2	223926
223926	223926
223926	223926
223926	223926
662	223926
717610	223926
223926	223926
216596	223926
223926	223926
223926	223926
543	223926
669	223926
223926	223926
223926	223926
243277	223926
662	223926
243277	223926
223926	223926
83333	223926
223926	223926
662	223926
543	223926
224308	223926
543	223926
224308	223926
1236	223926
562	223926
388396	223926
223926	223926
71421	223926
666	223926
641	223926
83333	223926
223926	223926
662	223926
243277	223926
1111708	223926
83333	223926
223926	223926
662	223926
223926	223926
243277	223926
223926	223926
662	223926
223926	223926
1236	223926
223926	223926
83333	223926
662	223926
223926	223926
662	223926
629	223926
71421	223926
543	223926
2	223926
223926	223926
183417	223926
99287	223926
223926	223926
717610	223926
669	223926
223926	223926
211586	223926
223926	223926
223926	223926
562	223926
223926	223926
562	223926
223926	223926
717610	223926
216895	223926
243277	223926
223926	223926
882102	223926
223926	223926
223926	223926
223926	223926
223926	223926
243277	223926
223926	223926
223926	223926
223926	223926
59201	223926
223926	223926
243277	223926
59201	223926
543	223926
662	223926
223926	223926
354	223926
243232	223926
223926	223926
223926	223926
83333	223926
223926	223926
223926	223926
223926	223926
223926	223926
211586	223926
223926	223926
641	223926
243277	223926
379731	223926
338187	223926
223926	223926
223926	223926
223926	223926
223926	223926
107806	223926
223926	223926
223926	223926
223926	223926
71421	223926
223926	223926
669	223926
223926	223926
59201	223926
223926	223926
83333	223926
717610	223926
562	223926
71421	223926
243277	223926
662	223926
83333	223926
266834	223926
223926	223926
83333	223926
71421	223926
223926	223926
223926	223926
243277	223926
717610	223926
543	223926
83333	223926
223926	223926
83333	223926
223926	223926
71421	223926
9913	223926
243277	223926
71421	223926
71421	223926
312309	223926
223926	223926
243277	223926
2371	223926
223926	223926
223926	223926
243277	223926
223926	223926
83333	223926
223926	223926
223926	223926
223926	223926
223926	223926
717610	223926
83333	223926
223926	223926
22	223926
223926	223926
717610	223926
223926	223926
71421	223926
223926	223926
662	223926
71421	223926
717610	223926
663	223926
223926	223926
223926	223926
223926	223926
223926	223926
83333	223926
223926	223926
74109	223926
99287	223926
223926	223926
223926	223926
717610	223926
223926	223926
666	223926
223926	223926
223926	223926
717610	223926
223926	223926
562	223926
223926	223926
223926	223926
223926	223926
224308	223926
223926	223926
666	223926
243277	223926
223926	223926
663	223926
223926	223926
543	223926
74109	223926
543	223926
223926	223926
223926	223926
243277	223926
223926	223926
223926	223926
662	223926
198628	223926
223926	223926
243277	223926
71421	223926
717610	223926
562	223926
243277	223926
223926	223926
641	223926
223926	223926
662	223926
562	223926
223926	223926
223926	223926
223926	223926
223926	223926
83333	223926
223926	223926
562	223926
1236	223926
662	223926
208964	223926
672	223926
223926	223926
554	223926
223926	223926
223926	223926
223926	223926
223926	223926
223926	223926
223926	223926
223926	223926
666	223926
83333	223926
223926	223926
33154	223926
243277	223926
1476	223926
204722	223926
223926	223926
670	223926
223926	223926
290398	223926
83333	223926
71421	223926
208964	223926
243277	223926
83333	223926
223926	223926
243277	223926
83333	223926
223926	223926
223926	223926
243265	223926
223926	223926
223926	223926
223926	223926
223926	223926
672	223926
83333	223926
208964	223926
223926	223926
223926	223926
172045	223926
7955	223926
573	223926
562	223926
223926	223926
223926	223926
223926	223926
673	223926
223926	223926
562	223926
717610	223926
99287	223926
208964	223926
243277	223926
243277	223926
71421	223926
172045	223926
223926	223926
543	223926
39947	223926
223926	223926
223926	223926
662	223926
266834	223926
243277	223926
543	223926
83333	223926
312309	223926
666	223926
71421	223926
543	223926
83333	223926
326442	223926
717610	223926
223926	223926
223926	223926
223926	223926
223926	223926
208964	223926
59201	223926
243277	223926
223926	223926
562	223926
99287	223926
223926	223926
208964	223926
29494	223926
223926	223926
326442	223926
1279	223926
264462	264462
224308	264462
264462	264462
264462	264462
266834	264462
529507	264462
208964	264462
264462	264462
264462	264462
83333	264462
264462	264462
264462	264462
2	264462
264462	264462
543	264462
264462	264462
272562	264462
272944	264462
264462	264462
487	264462
224308	264462
264462	264462
264462	264462
264462	264462
264462	264462
264462	264462
264462	264462
264462	264462
264462	264462
264462	264462
264462	264462
45157	264462
264462	264462
224308	264462
264462	264462
224308	264462
264462	264462
264462	264462
264462	264462
318161	264462
356	264462
1075	264462
264462	264462
264462	264462
1224	264462
264462	264462
224308	264462
264462	264462
1437010	264462
264462	264462
264462	264462
264462	264462
264462	264462
780	264462
44689	264462
264462	264462
2260	264462
246197	264462
264462	264462
264462	264462
264462	264462
264462	264462
264462	264462
264462	264462
264462	264462
394	264462
264462	264462
59201	264462
28211	264462
264462	264462
264462	264462
264462	264462
264462	264462
264462	264462
264462	264462
264462	264462
264462	264462
44689	264462
264462	264462
264462	264462
264462	264462
2	264462
2	264462
264462	264462
562	264462
264462	264462
264462	264462
354	264462
264462	264462
39947	264462
264462	264462
264462	264462
264462	264462
264462	264462
284812	264462
272569	264462
147550	264462
3702	264462
264462	264462
1280	264462
4113	264462
264462	264462
272631	264462
222929	264462
264462	264462
83333	264462
264462	264462
264462	264462
1392	264462
264462	264462
264462	264462
487	264462
264462	264462
264462	264462
212035	264462
300852	264462
264462	264462
264462	264462
243232	264462
264462	264462
1280	158878
1279	158878
46170	158878
1280	158878
1280	158878
1280	158878
1280	158878
1280	158878
46170	158878
46170	158878
282458	158878
46170	158878
46170	158878
1288	158878
46170	158878
46170	158878
543	158878
46170	158878
1280	158878
1280	158878
1279	158878
1280	158878
83333	158878
10090	158878
93061	158878
46170	158878
93061	158878
46170	158878
46170	158878
46170	158878
46170	158878
1280	158878
224308	158878
1279	158878
272558	158878
46170	158878
1422	158878
1279	158878
46170	158878
46170	158878
1280	158878
46170	158878
224308	158878
1280	158878
224308	158878
46170	158878
46170	158878
1280	158878
46170	158878
1280	158878
1280	158878
1280	158878
1280	158878
46170	158878
93061	158878
1280	158878
46170	158878
46170	158878
1280	158878
1280	158878
46170	158878
1280	158878
158878	158878
46170	158878
1280	158878
46170	158878
46170	158878
46170	158878
46170	158878
46170	158878
46170	158878
46170	158878
224308	158878
1280	158878
46170	158878
1280	158878
224308	158878
1280	158878
46170	158878
46170	158878
1280	158878
1280	158878
1236	158878
1392	158878
46170	158878
1280	158878
46170	158878
46170	158878
46170	158878
224308	158878
1280	158878
46170	158878
1280	158878
1280	158878
224308	158878
46170	158878
224308	158878
1280	158878
46170	158878
46170	158878
1280	158878
224308	158878
1280	158878
282458	158878
46170	158878
1282	158878
46170	158878
1279	158878
46170	158878
1280	158878
46170	158878
1280	158878
46170	158878
1280	158878
46170	158878
2	158878
46170	158878
1280	158878
93061	158878
1280	158878
46170	158878
1279	158878
1280	158878
46170	158878
1279	158878
46170	158878
46170	158878
46170	158878
71421	158878
1280	158878
1279	158878
444177	158878
1280	158878
46170	158878
46170	158878
1280	158878
224308	158878
1279	158878
1279	158878
1313	158878
46170	158878
1279	158878
46170	158878
46170	158878
1502	158878
1280	158878
1280	158878
46170	158878
1280	158878
1280	158878
46170	158878
46170	158878
1280	158878
46170	158878
158879	158878
1280	158878
1280	158878
46170	158878
46170	158878
46170	158878
46170	158878
46170	158878
46170	158878
1280	158878
1280	158878
1280	158878
46170	158878
224308	158878
46170	158878
224308	158878
1280	158878
46170	158878
1280	158878
46170	158878
1280	158878
46170	158878
46170	158878
1280	158878
1280	158878
1280	158878
1280	158878
46170	158878
272562	158878
46170	158878
224308	158878
224308	158878
46170	158878
46170	158878
46170	158878
1280	158878
1280	158878
46170	158878
1280	158878
1280	158878
46170	158878
458233	158878
1280	158878
46170	158878
1280	158878
46170	158878
1280	158878
1280	158878
1280	158878
1280	158878
46170	158878
243277	158878
46170	158878
1280	158878
46170	158878
46170	158878
224308	158878
1280	158878
224308	158878
224308	158878
1280	158878
1280	158878
46170	158878
1280	158878
46170	158878
46170	158878
1280	158878
1280	158878
1280	158878
46170	158878
46170	158878
46170	158878
1279	158878
224308	158878
1280	158878
1280	158878
224308	158878
272562	158878
1280	158878
1280	158878
1280	158878
1280	158878
286636	158878
1280	158878
46170	158878
1280	158878
1279	158878
46170	158878
46170	158878
703339	158878
46170	158878
46170	158878
46170	158878
46170	158878
1280	158878
1279	158878
1280	158878
46170	158878
46170	158878
46170	158878
46170	158878
342451	158878
46170	158878
1280	158878
1282	158878
46170	158878
1280	158878
1280	158878
46170	158878
46170	158878
46170	158878
224308	158878
273036	158878
1280	158878
1280	158878
458233	158878
1280	158878
1280	158878
46170	158878
1280	158878
46170	158878
46170	158878
46170	158878
1280	158878
46170	158878
46170	158878
46170	158878
1280	158878
267377	167879
167879	167879
167879	167879
167879	167879
458817	167879
208963	167879
272558	167879
1236	167879
167879	167879
208964	167879
2	167879
562	167879
99287	167879
167879	167879
167879	167879
167879	167879
83333	167879
662	167879
71421	167879
224308	167879
1224	167879
543	167879
1236	167879
543	167879
208964	167879
208964	167879
167879	167879
562	167879
167879	167879
167879	167879
122586	167879
634503	167879
167879	167879
167879	167879
1236	167879
167879	167879
562	167879
167879	167879
1236	167879
83333	167879
326442	167879
2	167879
663	167879
167879	167879
77643	167879
167879	167879
167879	167879
167879	167879
208964	167879
208964	167879
326442	167879
1236	167879
243232	167879
167879	167879
190650	167879
83333	167879
562	167879
167879	167879
548	167879
9606	167879
167879	167879
167879	167879
316	167879
71421	167879
645	167879
71421	167879
167879	167879
1236	167879
83333	167879
339671	167879
167879	167879
22	167879
167879	167879
167879	167879
9	167879
59201	167879
167879	167879
167879	167879
167879	167879
7797	167879
167879	167879
223926	167879
167879	167879
377629	167879
83333	167879
167879	167879
543	167879
186497	167879
266834	167879
562	167879
167879	167879
543	167879
83333	167879
167879	167879
167879	167879
243230	167879
167879	167879
211586	167879
1236	167879
167879	167879
131567	167879
2759	167879
243277	167879
167879	167879
167879	167879
167879	167879
243277	167879
208964	167879
83333	167879
167879	167879
272568	167879
167879	167879
167879	167879
644	167879
83333	167879
323850	167879
82367	167879
4530	167879
78245	167879
167879	167879
167879	167879
543	167879
167879	167879
471	167879
662	167879
623	167879
83333	167879
1236	167879
1236	167879
543	167879
167879	167879
315730	167879
167879	167879
243277	167879
160488	167879
223926	167879
167879	167879
572477	167879
167879	167879
243277	167879
562	167879
167879	167879
326442	167879
59201	167879
543	167879
167879	167879
71421	167879
167879	167879
543	167879
727	167879
167879	167879
198804	167879
167879	167879
224915	167879
167879	167879
167879	167879
780	167879
349521	167879
167879	167879
572477	167879
312309	167879
562	167879
167879	167879
167879	167879
543	167879
167879	167879
59201	167879
562	167879
398579	167879
188937	167879
167879	167879
167879	167879
167879	167879
160488	167879
167879	167879
167879	167879
167879	167879
167879	167879
326297	167879
662	167879
71421	167879
71421	167879
629	167879
83333	167879
71421	167879
167879	167879
208964	167879
83333	167879
1236	167879
167879	167879
167879	167879
167879	167879
573	167879
632	167879
167879	167879
167879	167879
349064	167879
198804	167879
83333	167879
324602	167879
208964	167879
167879	167879
342610	167879
167879	167879
71421	167879
543	167879
167879	167879
167879	167879
167879	167879
83333	167879
2	167879
7227	167879
543	167879
543	167879
167879	167879
208964	167879
83333	167879
167879	167879
167879	167879
167879	167879
224915	167879
83333	167879
562	167879
167879	167879
543	167879
167879	167879
28901	167879
110662	110662
110662	110662
32049	110662
110662	110662
110662	110662
110662	110662
110662	110662
110662	110662
197221	110662
84588	110662
298653	110662
1129	110662
32059	110662
130081	110662
110662	110662
1129	110662
1117	110662
110662	110662
110662	110662
110662	110662
110662	110662
110662	110662
1111708	110662
1111708	110662
110662	110662
1129	110662
131567	110662
110662	110662
84588	110662
110662	110662
1111708	110662
1118	110662
110662	110662
74547	110662
32051	110662
84588	110662
1117	110662
1129	110662
1111708	110662
110662	110662
39947	110662
1117	110662
110662	110662
167539	110662
84588	110662
110662	110662
110662	110662
110662	110662
110662	110662
110662	110662
2762	110662
562	110662
110662	110662
110662	110662
1129	110662
110662	110662
1140	110662
3702	110662
2762	110662
110662	110662
3702	110662
1111708	110662
84588	110662
110662	110662
103690	110662
32051	110662
110662	110662
1117	110662
316279	110662
208964	110662
672	110662
110662	110662
110662	110662
167539	110662
1111708	110662
74547	110662
1140	110662
110662	110662
190650	110662
246196	110662
84588	110662
1117	110662
110662	110662
17	110662
110662	110662
84588	110662
4527	110662
1111708	110662
1129	110662
110662	110662
110662	110662
1129	110662
110662	110662
84588	110662
84588	110662
131567	110662
110662	110662
1129	110662
623	110662
110662	110662
208964	110662
1111708	110662
110662	110662
1129	110662
103690	110662
316279	110662
1129	110662
110662	110662
110662	110662
110662	110662
110662	110662
110662	110662
2759	110662
110662	110662
110662	110662
110662	110662
1177	110662
74547	110662
110662	110662
84588	110662
1129	110662
1129	110662
1129	110662
110662	110662
110662	110662
1129	110662
1117	110662
2759	110662
1129	110662
110662	110662
84588	110662
110662	110662
110662	110662
1117	110662
1111708	110662
110662	110662
110662	110662
1111708	110662
84588	110662
110662	110662
234	359391
394	359391
438753	359391
234	359391
118882	359391
234	359391
234	359391
1061	359391
235	359391
118882	359391
234	359391
394221	359391
266834	359391
266834	359391
234	359391
234	359391
118882	359391
82115	359391
118882	359391
234	359391
234	359391
176299	359391
565050	359391
224911	359391
224914	359391
234	359391
356	359391
234	359391
356	359391
34	359391
234	359391
118882	359391
234	359391
234	359391
356	359391
266835	359391
1280	359391
71421	359391
43306	359391
1224	359391
234	359391
234	359391
204773	359391
234	359391
234	359391
224911	359391
118882	359391
234	359391
356	359391
82115	359391
523849	359391
234	359391
234	359391
358	359391
234	359391
356	359391
266834	359391
118882	359391
208964	359391
234	359391
266834	359391
234	359391
266834	359391
543	359391
356	359391
188937	359391
266835	359391
543	359391
487	359391
543	359391
234	359391
234	359391
234	359391
118882	359391
234	359391
234	359391
234	359391
394	359391
118882	359391
161492	359391
234	359391
208964	359391
204722	359391
266834	359391
234	359391
234	359391
224914	359391
234	359391
234	359391
32044	359391
216596	359391
234	359391
234	359391
565050	359391
1111708	359391
234	359391
224911	359391
234	359391
234	359391
266834	359391
28105	359391
444178	359391
234	359391
234	359391
1236	359391
216596	359391
266	359391
356	359391
216596	359391
234	359391
234	359391
272558	359391
234	359391
1236	359391
234	359391
208964	359391
234	359391
118882	359391
234	359391
234	359391
234	359391
266834	359391
234	359391
271848	359391
2759	359391
266834	359391
234	359391
234	359391
28105	359391
565050	359391
234	359391
234	359391
8364	359391
266835	359391
234	359391
13690	359391
176299	359391
224324	359391
234	359391
234	359391
234	359391
234	359391
43306	359391
118882	359391
266834	359391
438753	359391
234	359391
234	359391
266834	359391
234	359391
543	359391
234	359391
7955	359391
234	359391
1422	359391
224914	359391
234	359391
234	359391
2	359391
2788	359391
2	359391
83333	359391
266834	359391
234	359391
234	359391
1183400	359391
234	359391
234	359391
234	359391
118882	359391
234	359391
83333	359391
234	359391
83333	359391
234	359391
234	359391
272620	359391
234	359391
398	359391
1578	359391
234	359391
266834	359391
234	359391
234	359391
235	359391
234	359391
511	359391
3700	359391
192	359391
234	359391
234	359391
234	359391
394	359391
234	359391
224914	359391
234	359391
234	359391
234	359391
234	359391
517	359391
234	359391
234	359391
234	359391
303	359391
234	359391
246196	359391
234	359391
234	359391
234	359391
290398	359391
83333	359391
234	359391
398	359391
234	359391
257313	359391
83333	359391
359391	359391
234	359391
176299	359391
192	359391
234	359391
543	359391
234	359391
234	359391
234	359391
234	359391
41294	316057
41294	316057
1076	316057
316057	316057
316057	316057
258594	316057
399549	316057
208964	316057
9541	316057
316057	316057
1076	316057
316057	316057
208964	316057
258594	316057
356	316057
258594	316057
272942	316057
3702	316057
438753	316057
272943	316057
190650	316057
316057	316057
258594	316057
366394	316057
316057	316057
272942	316057
90370	316057
316057	316057
118882	316057
224911	316057
316058	316057
59405	316057
224308	316057
1076	316057
243230	316057
41294	316057
41294	316057
316057	316057
9031	316057
316057	316057
316057	316057
1076	316057
316057	316057
395963	316057
208964	316057
316058	316057
1076	316057
1061	316057
224911	316057
316057	316057
258594	316057
258594	316057
316057	316057
316058	316057
269796	316057
272942	316057
258594	316057
224911	316057
1900	316057
235909	316057
316057	316057
59406	316057
118882	316057
316057	316057
135621	316057
258594	316057
768670	316057
290633	316057
13689	316057
316058	316057
562	316057
8353	316057
316058	316057
316057	316057
1076	316057
43306	316057
258594	316057
316057	316057
543	316057
356	316057
316057	316057
316057	316057
316057	316057
272558	316057
258594	316057
258594	316057
272943	316057
272942	316057
316057	316057
224911	316057
316057	316057
316057	316057
382	316057
316057	316057
316057	316057
99287	316057
272943	316057
258594	316057
562	316057
264203	316057
41294	316057
316058	316057
266	316057
316057	316057
316056	316057
1286640	316057
234	316057
224911	316057
41294	316057
269796	316057
1076	316057
1076	316057
316057	316057
316057	316057
316057	316057
562	316057
316057	316057
284812	316057
258594	316057
316057	316057
208964	316057
41294	316057
562	316057
192	316057
103690	316057
316057	316057
272943	316057
911	316057
224911	316057
316057	316057
316057	316057
340	316057
1079	316057
77643	316057
316057	316057
266834	316057
1061	316057
258594	316057
266834	316057
224911	316057
266834	316057
1076	316057
224911	316057
316057	316057
391	316057
358	316057
316057	316057
316057	316057
1076	316057
316057	316057
347834	316057
131567	316057
316057	316057
224911	316057
1076	316057
83332	316057
316057	316057
1076	316057
347834	316057
43306	316057
316057	316057
224911	316057
438753	316057
624	316057
316057	316057
71421	316057
41294	316057
258594	316057
83333	316057
438753	316057
224911	316057
71421	316057
258594	316057
316057	316057
356	316057
316057	316057
9606	316057
316057	316057
224911	316057
266834	316057
1224	316057
482	316057
28211	316057
208964	316057
258594	316057
224911	316057
258594	316057
224911	316057
258594	316057
258594	316057
258594	316057
316057	316057
1076	316057
394	316057
258594	316057
224911	316057
316057	316057
316057	316057
315456	316057
1076	316057
71421	316057
316057	316057
224911	316057
2	316057
17	316057
460265	316057
316057	316057
242231	320388
395019	320388
83333	320388
395019	320388
1224	320388
2371	320388
243160	320388
208964	320388
356	320388
111527	320388
303	320388
111527	320388
224308	320388
111527	320388
83333	320388
111527	320388
2759	320388
286	320388
3702	320388
111527	320388
224308	320388
208964	320388
224308	320388
208964	320388
111527	320388
266264	320388
3702	320388
80840	320388
395019	320388
83333	320388
111527	320388
111527	320388
111527	320388
32008	320388
8355	320388
1763	320388
13373	320388
28450	320388
1836	320388
632	320388
381666	320388
395019	320388
83333	320388
111527	320388
111527	320388
32008	320388
111527	320388
264198	320388
342610	320388
394	320388
32008	320388
32008	320388
111527	320388
111527	320388
111527	320388
111527	320388
85007	320388
111527	320388
111527	320388
111527	320388
395019	320388
272560	320388
111527	320388
111527	320388
83333	320388
286	320388
111527	320388
267608	320388
111527	320388
111527	320388
32008	320388
266	320388
32008	320388
320372	320388
111527	320388
556	320388
287	320388
32008	320388
111527	320388
106589	320388
286	320388
286	320388
111527	320388
71421	320388
111527	320388
395019	320388
111527	320388
111527	320388
32008	320388
395019	320388
111527	320388
83333	320388
264198	320388
111527	320388
111527	320388
111527	320388
111527	320388
398577	320388
395019	320388
395019	320388
1111708	320388
71421	320388
519	320388
83333	320388
224308	320388
80840	320388
111527	320388
395019	320388
1437010	320388
111527	320388
83333	320388
266834	320388
111527	320388
32008	320388
482	320388
111527	320388
267608	320388
111527	320388
111527	320388
562	320388
395019	320388
395019	320388
379731	320388
1280	320388
1236	320388
487	320388
354	320388
286	320388
395019	320388
111527	320388
517	320388
267608	320388
519	320388
395019	320388
32008	320388
395019	320388
83333	320388
111527	320388
111527	320388
111527	320388
111527	320388
111527	320388
111527	320388
267608	320388
354	320388
111527	320388
1236	320388
111527	320388
111527	320388
381666	320388
1773	320388
1894	320388
32008	320388
208964	320388
1028307	320388
246197	320388
83333	320388
543	320388
32008	320388
111527	320388
111527	320388
32008	320388
111527	320388
32008	320388
381666	320388
208964	320388
562	320388
13373	320388
83333	320388
111527	320388
111527	320388
111527	320388
111527	320388
111527	320388
111527	320388
111527	320388
111527	320388
111527	320388
435	320388
71421	320388
111527	320388
267608	320388
208964	320388
543	320388
32008	320388
287	320388
267608	320388
387	320388
111527	320388
111527	320388
257313	320388
224308	320388
1236	320388
271848	320388
267608	320388
267608	320388
208964	320388
111527	320388
28216	320388
111527	320388
395019	320388
111527	320388
111527	320388
398527	320388
111527	320388
111527	320388
111527	320388
111527	320388
272560	320388
32008	320388
111527	320388
131567	320388
562	381754
208964	381754
71421	381754
208964	381754
287	381754
287	381754
208964	381754
287	381754
266834	381754
208964	381754
208964	381754
286	381754
208964	381754
83333	381754
135621	381754
208964	381754
446	381754
287	381754
287	381754
381754	381754
224915	381754
208964	381754
208964	381754
562	381754
83333	381754
208964	381754
287	381754
384676	381754
287	381754
208964	381754
381754	381754
381754	381754
381754	381754
287	381754
208964	381754
218491	381754
208964	381754
208964	381754
203122	381754
208964	381754
208964	381754
287	381754
208964	381754
208964	381754
83333	381754
287	381754
246196	381754
75379	381754
287	381754
208964	381754
71421	381754
208964	381754
208964	381754
71421	381754
83333	381754
381754	381754
243277	381754
376620	381754
287	381754
208964	381754
208964	381754
208964	381754
287	381754
287	381754
287	381754
1236	381754
562	381754
208964	381754
4577	381754
287	381754
1773	381754
208964	381754
208964	381754
243232	381754
543	381754
208964	381754
562	381754
208964	381754
224308	381754
543	381754
287	381754
208964	381754
381754	381754
208964	381754
630	381754
287	381754
208964	381754
381754	381754
632	381754
83333	381754
208964	381754
543	381754
287	381754
287	381754
10871	381754
208964	381754
208964	381754
381754	381754
555	381754
208964	381754
208964	381754
208964	381754
208964	381754
224308	381754
224308	381754
287	381754
287	381754
287	381754
208964	381754
208964	381754
224324	381754
381754	381754
83333	381754
286	381754
287	381754
381754	381754
208964	381754
208964	381754
208964	381754
208964	381754
318167	381754
208964	381754
208964	381754
208964	381754
303	381754
83333	381754
287	381754
208964	381754
287	381754
287	381754
208964	381754
381754	381754
208964	381754
208964	381754
208964	381754
208964	381754
243277	381754
208964	381754
287	381754
381754	381754
381754	381754
768066	381754
208964	381754
287	381754
294	381754
208964	381754
83333	381754
208964	381754
208964	381754
208964	381754
71421	381754
517	381754
83333	381754
379731	381754
287	381754
287	381754
208964	381754
208964	381754
83333	381754
381754	381754
287	381754
208964	381754
287	381754
208964	381754
381754	381754
208964	381754
160488	381754
286	381754
287	381754
1913	381754
381754	381754
381754	381754
208964	381754
287	381754
208964	381754
83333	381754
286	381754
208964	381754
208964	381754
381754	381754
83333	381754
287	381754
208964	381754
208963	381754
1224	381754
208964	381754
208964	381754
264730	381754
287	381754
208964	381754
381754	381754
224308	381754
208964	381754
381754	381754
381754	381754
381754	381754
287	381754
1289570	381754
132473	381754
208964	381754
208964	381754
208964	381754
381754	381754
208964	381754
208964	381754
71421	381754
208964	381754
287	381754
57038	381754
381754	381754
323	381754
1236	381754
287	381754
135621	381754
208964	381754
286	381754
208964	381754
287	381754
28105	381754
208964	381754
303	381754
287	381754
287	381754
381754	381754
135621	381754
381754	381754
287	381754
381754	381754
208964	381754
208964	381754
135621	381754
71421	381754
208964	381754
1280	381754
208964	381754
208964	381754
543	381754
287	381754
381754	381754
208964	381754
99287	381754
287	381754
71421	381754
83333	381754
208964	381754
53412	381754
3702	381754
208964	381754
287	381754
208964	381754
562	381754
208964	381754
208964	381754
208964	381754
208964	381754
1224	381754
208964	381754
1236	381754
381754	381754
208964	381754
543	381754
381754	381754
208964	381754
98360	381754
208964	381754
315	381754
381754	381754
208964	381754
381754	381754
381754	381754
286	381754
287	381754
208964	381754
208964	381754
208964	381754
83333	381754
208964	381754
208964	381754
208964	381754
572477	381754
208964	381754
208964	381754
287	381754
287	381754
208964	381754
83333	381754
316	381754
287	381754
44689	381754
208964	381754
287	381754
208964	381754
286	381754
208964	381754
208964	381754
208964	381754
224308	381754
303	381754
286	381754
208964	381754
381754	381754
208964	381754
287	381754
208964	381754
208964	381754
287	381754
1224	381754
208964	381754
208964	381754
208964	381754
548	381754
224308	381754
10090	381754
83333	381754
381754	381754
208964	381754
208964	381754
208964	381754
269796	381754
381754	381754
208964	381754
208964	381754
208964	381754
208964	381754
287	381754
10871	381754
208964	381754
208964	381754
208964	381754
83333	381754
224308	381754
355	381754
287	381754
287	381754
632	381754
208964	381754
83333	381754
287	381754
1236	381754
204722	381754
287	381754
208964	381754
208964	381754
1236	381754
83333	381754
381754	381754
208964	381754
287	381754
208964	381754
287	381754
381754	381754
287	381754
208964	381754
208964	381754
224308	381754
208964	381754
381754	381754
208964	381754
208964	381754
208964	381754
208963	381754
83333	381754
381754	381754
208964	381754
208964	381754
287	381754
333	381754
287	381754
208964	381754
312309	381754
1236	381754
381754	381754
208964	381754
208964	381754
287	381754
381754	381754
208964	381754
543	381754
1289570	381754
208964	381754
287	381754
287	381754
287	381754
83333	381754
208964	381754
208964	381754
71421	381754
208964	381754
381754	381754
543	381754
208964	381754
208964	381754
286	381754
287	381754
768066	381754
287	381754
208964	381754
208964	381754
562	381754
208964	381754
381754	381754
208964	381754
208964	381754
224308	381754
272631	381754
287	381754
273121	387093
387093	387093
387093	387093
1224	387093
387093	387093
44689	387093
360104	387093
224326	387093
387093	387093
387093	387093
2	387093
387093	387093
85962	387093
439375	387093
387093	387093
203119	387093
741091	387093
387093	387093
224308	387093
317025	387093
387093	387093
326298	387093
387093	387093
387093	387093
387093	387093
387093	387093
387093	387093
387093	387093
210	387093
224308	387093
387093	387093
72293	387093
387093	387093
387093	387093
72293	387093
387093	387093
350688	387093
279010	387093
573	387093
387093	387093
44689	387093
360105	387093
387093	387093
1279	387093
387093	387093
387093	387093
387093	387093
387093	387093
100226	387093
387093	387093
29547	387093
6239	387093
1224	387093
387093	387093
85963	387093
387093	387093
192222	387093
85962	387093
340177	387093
387093	387093
226900	387093
131567	387093
387093	387093
85963	387093
387093	387093
33213	387093
387093	387093
387093	387093
387093	387093
398580	387093
210	387093
218491	387093
387093	387093
224324	387093
780	387093
387093	387093
387093	387093
387093	387093
196164	387093
1236	387093
83333	387093
273121	387093
387093	387093
387093	387093
387093	387093
590409	387093
387093	387093
326298	387093
387093	387093
387092	387093
387093	387093
387093	387093
224308	387093
387093	387093
387093	387093
387093	387093
32022	387093
308872	387093
387093	387093
210	387093
197221	387093
273121	387093
224915	387093
273121	387093
306263	387093
1358	387093
387093	387093
387093	387093
387093	387093
272562	387093
44689	387093
387093	387093
393305	387093
387093	387093
387093	387093
387093	387093
387093	387093
387093	387093
246409	387093
357809	357809
357809	357809
357809	357809
1397	357809
224308	357809
357809	357809
272942	357809
357809	357809
203119	357809
203120	357809
44001	357809
357809	357809
357809	357809
357809	357809
357809	357809
2260	357809
300267	357809
357809	357809
357809	357809
273068	357809
224308	357809
2	357809
357809	357809
357809	357809
357809	357809
224308	357809
357809	357809
357809	357809
357809	357809
357809	357809
203119	357809
357809	357809
357809	357809
357809	357809
357809	357809
2	357809
1599	357809
308872	357809
1422	357809
186802	357809
357809	357809
573	357809
272622	357809
103690	357809
357809	357809
357809	357809
224308	357809
357809	357809
515620	357809
243274	357809
272634	357809
192222	357809
357809	357809
357809	357809
357809	357809
357809	357809
357809	357809
515619	357809
289376	357809
431943	357809
357809	357809
357809	357809
2	357809
224308	357809
171	357809
357809	357809
56780	357809
224308	357809
243274	357809
357809	357809
195102	357809
831	357809
357809	357809
83333	357809
357809	357809
224308	357809
357809	357809
357809	357809
357809	357809
357809	357809
357809	357809
1397	357809
1485	357809
357809	357809
583346	357809
28211	357809
186801	357809
357809	357809
357809	357809
1282	357809
878	357809
287	357809
357809	357809
1501	357809
224308	357809
357809	357809
224308	357809
357809	357809
357809	357809
32524	357809
224308	357809
224308	357809
272562	357809
357809	357809
357809	357809
357809	357809
2	357809
1236	357809
562	357809
357809	357809
357809	357809
357809	357809
549	357809
272562	357809
357809	357809
357809	357809
195102	357809
5807	357809
357809	357809
357809	357809
357809	357809
373903	357809
580327	357809
318167	357809
357809	357809
195103	357809
357809	357809
212717	357809
224326	357809
289376	357809
340100	357809
196627	357809
246196	357809
1502	357809
357809	357809
357809	357809
386415	357809
487	357809
357809	357809
208964	357809
357809	357809
224308	357809
226186	357809
272563	357809
224308	357809
357809	357809
339671	357809
357809	357809
29494	357809
394503	357809
279808	357809
272634	357809
272558	357809
44689	357809
357809	357809
273068	357809
357809	357809
357809	357809
224308	357809
357809	357809
83333	395019
1224	395019
588	395019
62977	395019
176299	395019
223283	395019
77643	395019
208964	395019
83333	395019
395019	395019
33067	395019
87882	395019
562	395019
395019	395019
9606	395019
224308	395019
87882	395019
160488	395019
2037	395019
1224	395019
111527	395019
394	395019
192	395019
224308	395019
227377	395019
292	395019
2	395019
339670	395019
83333	395019
559292	395019
192	395019
208964	395019
3702	395019
83333	395019
562	395019
87882	395019
543	395019
395019	395019
87882	395019
398577	395019
224308	395019
303	395019
33067	395019
271848	395019
192	395019
28090	395019
303	395019
99287	395019
111527	395019
87882	395019
99287	395019
306	395019
83333	395019
562	395019
543	395019
83333	395019
269482	395019
28105	395019
395019	395019
29320	395019
1076	395019
543	395019
630	395019
160488	395019
87882	395019
227377	395019
395019	395019
562	395019
395019	395019
768066	395019
87882	395019
381666	395019
395019	395019
399741	395019
338	395019
511	395019
114292	395019
562	395019
111527	395019
87882	395019
208964	395019
1773	395019
320372	395019
87882	395019
1224	395019
224308	395019
543728	395019
87882	395019
32008	395019
87882	395019
59201	395019
106589	395019
208964	395019
381666	395019
87882	395019
395019	395019
393305	395019
354	395019
482957	395019
339670	395019
398527	395019
80840	395019
32008	395019
381666	395019
87882	395019
395019	395019
543	395019
354	395019
266	395019
111527	395019
286	395019
395019	395019
264198	395019
543	395019
482957	395019
267608	395019
1236	395019
482957	395019
387	395019
290339	395019
87882	395019
395019	395019
562	395019
54388	395019
87882	395019
562	395019
131567	395019
187420	395019
87882	395019
267608	395019
83333	395019
243232	395019
292	395019
243161	395019
3702	395019
381666	395019
243277	395019
87882	395019
80840	395019
267608	395019
487	395019
111527	395019
1224	395019
272560	395019
111527	395019
111527	395019
87882	395019
482957	395019
6238	395019
106589	395019
87882	395019
395019	395019
331271	395019
395019	395019
111527	395019
32008	395019
395019	395019
543	395019
303	395019
395019	395019
119060	395019
28216	395019
111527	395019
884204	395019
562	395019
1236	395019
87882	395019
87882	395019
32008	395019
87882	395019
395019	395019
267608	395019
208964	395019
382	395019
395019	395019
562	395019
111527	395019
543	395019
395019	395019
395019	395019
884204	395019
83333	395019
62977	395019
543	395019
471	395019
32008	395019
87882	395019
543	395019
339670	395019
543	395019
395019	395019
111527	395019
87882	395019
482957	395019
381666	395019
44689	395019
381666	395019
87882	395019
272843	395019
99287	395019
562	395019
32008	395019
395019	395019
269482	395019
32008	395019
87882	395019
395019	395019
87882	395019
395019	395019
44689	395019
87882	395019
111527	395019
395019	395019
395019	395019
396588	395019
32008	395019
395019	395019
395019	395019
543	395019
111527	395019
395019	395019
71421	395019
562	395019
272560	395019
228410	395019
119060	395019
271848	395019
395019	395019
266834	395019
1061	395019
339670	395019
243365	395019
395019	395019
95486	395019
28450	395019
44689	395019
284812	395019
111527	395019
87882	395019
32008	395019
395019	395019
87882	395019
381666	395019
111527	395019
395019	395019
243230	395019
381666	395019
44689	395019
87882	395019
395019	395019
482957	395019
562	395019
272944	395019
71421	395019
87882	395019
87882	395019
395019	395019
87882	395019
76869	395019
395019	395019
87882	395019
395019	395019
381666	395019
83332	36809
1833	36809
1773	36809
1764	36809
77643	36809
1773	36809
561007	36809
257309	36809
77643	36809
350054	36809
350058	36809
77643	36809
1773	36809
77643	36809
257309	36809
77643	36809
561007	36809
362242	36809
1763	36809
83332	36809
561007	36809
85007	36809
100226	36809
1773	36809
1773	36809
561007	36809
1773	36809
561007	36809
83333	36809
83333	36809
204891	36809
77643	36809
83332	36809
1763	36809
77643	36809
77643	36809
1772	36809
1763	36809
1763	36809
1224	36809
1773	36809
77643	36809
1773	36809
272631	36809
1763	36809
1833	36809
83332	36809
85007	36809
77643	36809
269800	36809
1763	36809
2037	36809
246196	36809
224308	36809
272631	36809
85007	36809
561007	36809
561007	36809
561007	36809
77643	36809
224308	36809
1773	36809
85007	36809
1914	36809
561007	36809
350058	36809
246196	36809
77643	36809
1773	36809
1763	36809
561007	36809
543	36809
77643	36809
246196	36809
1773	36809
246196	36809
1773	36809
77643	36809
1763	36809
1763	36809
77643	36809
561007	36809
262316	36809
246196	36809
561007	36809
1900	36809
77643	36809
83332	36809
1773	36809
272631	36809
246196	36809
77643	36809
1914	36809
83332	36809
77643	36809
1773	36809
77643	36809
272631	36809
272631	36809
77643	36809
1763	36809
83332	36809
1763	36809
285	36809
1764	36809
77643	36809
1437010	36809
247156	36809
1827	36809
405948	36809
77643	36809
77643	36809
246196	36809
1773	36809
561007	36809
561007	36809
77524	36809
77643	36809
246196	36809
1773	36809
1763	36809
1773	36809
561007	36809
1773	36809
83332	36809
77643	36809
1773	36809
77643	36809
77643	36809
83332	36809
1773	36809
85007	36809
1763	36809
246196	36809
77643	36809
208964	36809
3702	36809
1773	36809
1773	36809
204891	36809
561007	36809
362242	36809
561007	36809
1763	36809
246196	36809
100226	36809
246196	36809
1773	36809
77643	36809
561007	36809
1773	36809
561007	36809
224308	36809
1773	36809
561007	36809
83332	36809
1773	36809
77643	36809
561007	36809
77643	36809
561007	36809
1767	36809
2	36809
561007	36809
1763	36809
62928	36809
1773	36809
1773	36809
1773	36809
561007	36809
204891	36809
561007	36809
272631	36809
196627	36809
196627	36809
246196	36809
1773	36809
561007	36809
246196	36809
1773	36809
1763	36809
1773	36809
1763	36809
561007	36809
561007	36809
1763	36809
77643	36809
1236	36809
1833	36809
1763	36809
1773	36809
561007	36809
77643	36809
281090	36809
561007	36809
1385	36809
33067	36809
561007	36809
272631	36809
1773	36809
246196	36809
204891	36809
1763	36809
281090	36809
1763	36809
272631	36809
39947	36809
246196	36809
77643	36809
561007	36809
1773	36809
233413	36809
77643	36809
272631	36809
1773	36809
9031	36809
1763	36809
77643	36809
561007	36809
85007	36809
1763	36809
32523	36809
2037	36809
543	36809
77643	36809
77643	36809
77643	36809
246196	36809
1763	36809
77643	36809
246196	36809
2	36809
350054	36809
10090	36809
100226	36809
85007	36809
7955	36809
77643	36809
561007	36809
561007	36809
561007	36809
1111708	43989
1111708	43989
43662	43989
43989	43989
65393	43989
1111708	43989
1111708	43989
103690	43989
43989	43989
1111708	43989
1111708	43989
1117	43989
4530	43989
103690	43989
3197	43989
300267	43989
43989	43989
1118	43989
1111708	43989
1140	43989
1111708	43989
103690	43989
65393	43989
1111708	43989
32046	43989
41431	43989
1111708	43989
227321	43989
1111708	43989
1111708	43989
1111708	43989
1111708	43989
197221	43989
1117	43989
1140	43989
224308	43989
1111708	43989
41431	43989
3702	43989
1111708	43989
1111708	43989
1111708	43989
43989	43989
224308	43989
1126	43989
103690	43989
3072	43989
1117	43989
308872	43989
103690	43989
1111708	43989
131567	43989
1111708	43989
43989	43989
520	43989
115981	43989
41431	43989
103690	43989
1111708	43989
103690	43989
1111708	43989
43989	43989
449447	43989
43989	43989
1111708	43989
1111708	43989
449447	43989
203124	43989
43989	43989
43989	43989
43989	43989
1111708	43989
43989	43989
1117	43989
1111708	43989
55529	43989
131567	43989
10090	43989
212717	43989
243090	43989
65393	43989
1111708	43989
309800	43989
43989	43989
314146	43989
43989	43989
2788	43989
1111708	43989
168927	43989
1111708	43989
43989	43989
1111708	43989
559292	43989
449447	43989
1111708	43989
43989	43989
1118	43989
43989	43989
1111708	43989
10090	43989
1118	43989
1111708	43989
1184	43989
118562	43989
44689	43989
1111708	43989
1111708	43989
1111708	43989
1437183	43989
203124	43989
1111708	43989
1111708	43989
1117	43989
65393	43989
43989	43989
197221	43989
1111708	43989
160488	43989
103690	43989
1117	43989
1111708	43989
84588	43989
43989	43989
1111708	43989
1118	43989
1111708	43989
1111708	43989
1111708	43989
1117	43989
1111708	43989
1111708	43989
1111708	43989
1111708	43989
43989	43989
2759	43989
77643	43989
43989	43989
1111708	43989
623	43989
43989	43989
1111708	43989
13790	43989
1111708	43989
329726	43989
1111708	43989
32046	43989
311403	43989
1111708	43989
1111708	43989
43989	43989
43989	43989
1111708	43989
43989	43989
103690	43989
103690	43989
43989	43989
1111708	43989
1118	43989
1111708	43989
43989	43989
63737	43989
1111708	43989
1111708	43989
1111708	43989
266834	43989
103690	43989
103690	43989
1111708	43989
1219	43989
1111708	43989
43989	43989
43989	43989
43989	43989
1773	43989
43989	43989
1111708	43989
83333	43989
43989	43989
77643	43989
1111708	43989
43989	43989
43989	43989
43989	43989
32049	43989
43989	43989
1111708	43989
43989	43989
43989	43989
4893	43989
43989	43989
43989	43989
1111708	43989
266834	43989
216596	43989
1111708	43989
43989	43989
54914	43989
43989	43989
43989	43989
1111708	43989
3708	43989
43989	43989
1117	43989
3088	43989
1111708	43989
1111708	43989
1140	43989
1111708	43989
43989	43989
1282	43989
2	43989
1111708	43989
2788	43989
43989	43989
316279	43989
1111708	43989
1111708	43989
1111708	43989
1111708	43989
1111708	43989
43989	43989
1118	43989
1140	43989
65393	43989
284812	43989
1111708	43989
1111708	43989
43989	43989
1111708	43989
1111708	43989
1111708	43989
2759	43989
43989	43989
71421	43989
1142	43989
43989	43989
1111708	43989
43989	43989
1111708	43989
1111708	43989
1111708	43989
8364	43989
562	344609
83333	344609
543	344609
83333	344609
543	344609
83333	344609
83333	344609
83333	344609
543	344609
543	344609
83333	344609
300268	344609
10710	344609
399742	344609
543	344609
543	344609
543	344609
83333	344609
83333	344609
83333	344609
623	344609
543	344609
562	344609
562	344609
543	344609
543	344609
83333	344609
543	344609
543	344609
543	344609
83333	344609
1236	344609
562	344609
623	344609
543	344609
100226	344609
622	344609
83333	344609
83333	344609
83333	344609
562	344609
83333	344609
562	344609
83333	344609
543	344609
83333	344609
83333	344609
543	344609
1236	344609
562	344609
83333	344609
543	344609
543	344609
83333	344609
83333	344609
83333	344609
83333	344609
543	344609
543	344609
83333	344609
543	344609
562	344609
83333	344609
83333	344609
543	344609
83333	344609
83333	344609
83333	344609
83333	344609
83333	344609
83333	344609
83333	344609
83333	344609
543	344609
394	344609
543	344609
83333	344609
83333	344609
1236	344609
83333	344609
83333	344609
620	344609
83333	344609
543	344609
562	344609
1236	344609
543	344609
543	344609
543	344609
90370	344609
83333	344609
83333	344609
83333	344609
543	344609
543	344609
543	344609
543	344609
543	344609
543	344609
543	344609
83333	344609
83333	344609
562	344609
1236	344609
83333	344609
562	344609
83333	344609
543	344609
543	344609
83333	344609
562	344609
562	344609
83333	344609
83334	344609
543	344609
543	344609
83333	344609
83333	344609
394	344609
543	344609
543	344609
543	344609
572265	344609
543	344609
1236	344609
543	344609
543	344609
543	344609
543	344609
562	344609
543	344609
543	344609
543	344609
543	344609
83333	344609
59201	344609
543	344609
83333	344609
543	344609
83333	344609
83333	344609
1236	344609
562	344609
83333	344609
543	344609
83333	344609
543	344609
83333	344609
83333	344609
623	344609
83333	344609
83333	344609
543	344609
83333	344609
543	344609
543	344609
83333	344609
562	344609
83333	344609
543	344609
562	344609
562	344609
562	344609
1236	344609
543	344609
623	344609
562	344609
83333	344609
83333	344609
562	344609
83333	344609
543	344609
543	344609
83333	344609
83333	344609
543	344609
83333	344609
83333	344609
83333	344609
543	344609
543	344609
543	344609
83333	344609
543	344609
543	344609
83333	344609
543	344609
543	344609
83333	344609
543	344609
543	344609
543	344609
543	344609
83333	344609
543	344609
543	344609
543	344609
543	344609
83333	344609
543	344609
543	344609
543	344609
543	344609
83333	344609
562	344609
83333	344609
83333	344609
543	344609
543	344609
1236	344609
623	344609
562	344609
83333	344609
562	344609
83333	344609
1236	344609
543	344609
543	344609
83333	344609
83333	344609
83333	344609
83333	344609
1236	344609
543	344609
83333	344609
543	344609
83333	344609
83334	344609
543	344609
83333	344609
543	344609
83333	344609
83333	344609
83333	344609
83333	344609
83333	344609
1236	344609
562	344609
624	344609
562	344609
83333	344609
620	344609
83333	344609
543	344609
83333	344609
83333	344609
562	344609
83333	344609
83333	344609
623	344609
83333	344609
543	344609
1236	344609
83333	344609
83333	344609
562	344609
543	344609
83333	344609
543	344609
543	344609
562	344609
543	344609
562	344609
300269	344609
83333	344609
543	344609
543	344609
543	344609
543	344609
83333	344609
543	344609
562	344609
562	344609
543	344609
543	344609
543	344609
543	344609
83333	344609
83333	344609
562	344609
83333	344609
83333	344609
543	344609
543	344609
83333	344609
562	344609
10710	344609
543	344609
543	344609
83333	344609
543	344609
83333	344609
300268	344609
83333	344609
543	344609
83333	344609
543	344609
83333	344609
83333	344609
83333	344609
543	344609
543	344609
83333	344609
83333	344609
83333	344609
543	344609
562	344609
543	344609
543	344609
83333	344609
83334	344609
543	344609
543	344609
83333	344609
83333	344609
83333	344609
543	344609
562	344609
543	344609
10710	344609
83333	344609
543	344609
543	344609
83333	344609
83333	344609
10710	344609
562	344609
543	344609
543	344609
83333	344609
83333	344609
543	344609
562	344609
543	344609
543	344609
623	344609
83333	344609
543	344609
83333	344609
83333	344609
543	344609
585054	344609
562	344609
1236	344609
83333	344609
83333	344609
543	344609
543	344609
394	344609
83333	344609
543	344609
83333	344609
83333	344609
83333	344609
562	344609
543	344609
543	344609
83333	344609
562	344609
83333	344609
562	344609
562	344609
629	344609
543	344609
543	344609
83333	344609
543	344609
562	344609
10710	344609
83333	344609
83333	344609
83333	344609
543	344609
543	344609
562	344609
543	344609
83333	344609
543	344609
83333	344609
543	344609
543	344609
543	344609
543	344609
543	344609
83333	344609
543	344609
83333	344609
83333	344609
543	344609
562	344609
83334	344609
83333	344609
83333	344609
83333	344609
83333	344609
543	344609
1236	344609
83333	344609
83333	344609
562	344609
621	344609
543	344609
543	344609
83333	344609
83333	344609
543	344609
562	344609
543	344609
543	344609
83333	344609
83333	344609
573	344609
543	344609
83333	344609
83333	344609
543	344609
543	344609
83333	344609
83333	344609
83333	344609
83333	344609
561	344609
83333	344609
543	344609
562	344609
83333	344609
83333	344609
344609	344609
562	344609
543	344609
543	344609
543	344609
543	344609
543	344609
83333	344609
562	344609
543	344609
83333	344609
83333	344609
83333	344609
543	344609
83333	344609
83333	344609
543	344609
83333	344609
83333	344609
543	344609
623	344609
83333	344609
83333	344609
83333	344609
543	344609
543	344609
543	344609
543	344609
1	344609
543	344609
83333	344609
543	344609
83333	344609
83333	344609
543	344609
543	344609
83333	344609
83333	344609
562	344609
83333	344609
83333	344609
83333	344609
83333	344609
543	344609
562	344609
543	344609
83333	344609
562	344609
543	344609
562	344609
1236	344609
444450	344609
543	344609
83333	344609
562	344609
543	344609
83333	344609
543	344609
543	344609
543	344609
83334	344609
83333	344609
199310	344609
543	344609
83333	344609
364106	344609
562	344609
83333	344609
83333	344609
543	344609
562	344609
543	344609
83333	344609
83333	344609
10711	344609
543	344609
562	344609
83333	344609
562	344609
562	344609
543	344609
83333	344609
543	344609
1236	344609
562	344609
1236	344609
543	344609
216895	344609
83333	344609
543	344609
83333	344609
543	344609
543	344609
543	344609
543	344609
543	344609
562	344609
83333	344609
543	344609
623	344609
83333	344609
83333	344609
83333	344609
83333	344609
83333	344609
83333	344609
83333	344609
543	344609
83333	344609
83333	344609
543	344609
562	344609
83333	344609
83333	344609
99287	344609
83333	344609
562	344609
83333	344609
543	344609
543	344609
83333	344609
543	344609
543	344609
543	344609
562	344609
543	344609
562	344609
83333	344609
543	344609
83333	344609
83333	344609
543	344609
623	344609
83333	344609
83333	344609
83333	344609
543	344609
562	344609
543	344609
562	344609
624	344609
83333	344609
1236	344609
543	344609
543	344609
83333	344609
10679	344609
624	344609
83333	344609
543	344609
543	344609
393305	344609
543	344609
83333	344609
543	344609
562	344609
543	344609
83333	344609
562	344609
83333	344609
543	344609
543	344609
83333	344609
83333	344609
543	344609
543	344609
543	344609
562	344609
543	344609
83333	344609
543	344609
543	344609
300269	344609
83333	344609
83334	344609
543	344609
543	344609
83333	344609
543	344609
83333	344609
562	344609
83333	344609
83333	344609
83333	344609
543	344609
83333	344609
585034	344609
543	344609
543	344609
83333	344609
83333	344609
83333	344609
543	344609
83333	344609
543	344609
543	344609
543	344609
543	344609
83333	344609
543	344609
543	344609
543	344609
543	344609
543	344609
83333	344609
543	344609
543	344609
562	344609
1236	344609
562	344609
562	344609
83333	344609
83333	344609
543	344609
543	344609
562	344609
83333	344609
83333	344609
83333	344609
83333	344609
83333	344609
543	344609
224308	344609
83333	344609
543	344609
83333	344609
83333	344609
83333	344609
83333	344609
543	344609
83333	344609
543	344609
83333	344609
543	344609
83333	344609
83333	344609
543	344609
83333	344609
83333	344609
83333	344609
543	344609
83333	344609
562	344609
83333	344609
83333	344609
562	344609
543	344609
543	344609
83333	344609
543	344609
83333	344609
562	344609
83333	344609
83333	344609
83333	344609
1236	344609
543	344609
1236	344609
83333	344609
83333	344609
83333	344609
83333	344609
543	344609
543	344609
543	344609
543	344609
562	344609
543	344609
562	344609
83333	344609
543	344609
1236	344609
83333	344609
543	344609
624	344609
543	344609
562	344609
543	344609
83333	344609
83333	344609
83333	344609
83333	344609
83333	344609
83333	344609
1236	344609
1236	344609
543	344609
83333	344609
83333	344609
543	344609
543	344609
1236	344609
562	344609
83333	344609
83333	344609
83333	344609
83333	344609
623	344609
543	344609
623	344609
562	344609
543	344609
562	344609
543	344609
543	344609
543	344609
543	344609
83333	344609
83333	344609
562	344609
543	344609
543	344609
83333	344609
543	344609
83333	344609
562	344609
543	344609
623	344609
344609	344609
83333	344609
83333	344609
83333	344609
83333	344609
543	344609
543	344609
543	344609
83333	344609
543	344609
543	344609
543	344609
1236	344609
543	344609
562	344609
562	344609
83333	344609
83333	344609
83333	344609
83333	344609
83333	344609
543	344609
1236	344609
83333	344609
83333	344609
543	344609
83333	344609
543	344609
83333	344609
83333	344609
83333	344609
83333	344609
83333	344609
83333	344609
543	344609
83333	344609
83333	344609
543	344609
543	344609
543	344609
393305	344609
1236	344609
543	344609
562	344609
83333	344609
83333	344609
83333	344609
543	344609
83333	344609
543	344609
83333	344609
562	344609
83333	344609
543	344609
543	344609
83333	344609
562	344609
83333	344609
543	344609
543	344609
543	344609
83333	344609
83333	344609
83333	344609
83333	344609
543	344609
83333	344609
83333	344609
83333	344609
83333	344609
83333	344609
562	344609
83333	344609
83333	344609
83333	344609
543	344609
543	344609
562	344609
543	344609
83333	344609
83333	344609
562	344609
623	344609
83333	344609
543	344609
83333	344609
562	344609
83333	344609
562	344609
543	344609
562	344609
543	344609
543	344609
543	344609
585056	344609
83333	344609
623	344609
83333	344609
543	344609
83333	344609
83333	344609
83333	344609
83333	344609
10677	344609
83333	344609
543	344609
543	344609
543	344609
543	344609
1236	344609
83333	344609
83333	344609
83333	344609
83333	344609
83333	344609
83333	344609
83333	344609
543	344609
1236	344609
83333	344609
83333	344609
562	344609
83333	344609
83333	344609
83333	344609
543	344609
83333	344609
83333	344609
83333	344609
562	344609
83333	344609
6239	334380
334380	334380
336407	334380
334380	334380
315456	334380
334380	334380
784	334380
784	334380
257363	334380
784	334380
224324	334380
28211	334380
784	334380
284812	334380
357244	334380
272947	334380
784	334380
357244	334380
780	334380
784	334380
784	334380
334380	334380
334380	334380
334380	334380
780	334380
114292	334380
334380	334380
784	334380
784	334380
780	334380
784	334380
334380	334380
357244	334380
357244	334380
780	334380
357244	334380
780	334380
161492	334380
106178	334380
784	334380
357244	334380
334380	334380
777	334380
257363	334380
334380	334380
357244	334380
2	334380
266834	334380
780	334380
784	334380
114277	334380
243232	334380
315456	334380
336407	334380
334380	334380
293613	334380
1313	512566
1313	512566
170187	512566
1313	512566
1313	512566
170187	512566
1313	512566
1313	512566
342023	512566
171101	512566
1280	512566
171101	512566
170187	512566
1313	512566
71421	512566
1314	512566
1313	512566
210007	512566
1301	512566
224308	512566
1313	512566
1301	512566
1313	512566
388919	512566
170187	512566
210007	512566
1313	512566
170187	512566
170187	512566
1301	512566
1313	512566
1313	512566
170187	512566
487	512566
1313	512566
1313	512566
1301	512566
1313	512566
29390	512566
1313	512566
1313	512566
170187	512566
170187	512566
171101	512566
1301	512566
1313	512566
1313	512566
210007	512566
286636	512566
286636	512566
1301	512566
1313	512566
1314	512566
1313	512566
170187	512566
170187	512566
1313	512566
1313	512566
1301	512566
1313	512566
170187	512566
1307	512566
171101	512566
210007	512566
1313	512566
1313	512566
1313	512566
1313	512566
170187	512566
210007	512566
1313	512566
1313	512566
1313	512566
1313	512566
171101	512566
1313	512566
1313	512566
1301	512566
1313	512566
1313	512566
1313	512566
210007	512566
1313	512566
301447	512566
1313	512566
1301	512566
1313	512566
170187	512566
198466	512566
1313	512566
170187	512566
1313	512566
1313	512566
1313	512566
1637	512566
210007	512566
1313	512566
171101	512566
416870	512566
1313	512566
224308	512566
224308	512566
170187	512566
1301	512566
1313	512566
1313	512566
267377	512566
1313	512566
224308	512566
1313	512566
1313	512566
1313	512566
1313	512566
1313	512566
1313	512566
1313	512566
224308	512566
1313	512566
1313	512566
543	512566
83333	512566
1301	512566
1313	512566
1314	512566
1313	512566
1308	512566
171101	512566
1313	512566
224308	512566
487214	512566
1313	512566
1301	512566
373153	512566
170187	512566
1301	512566
170187	512566
286636	512566
224308	512566
1301	512566
1301	512566
1313	512566
1313	512566
170187	512566
1313	512566
1313	512566
170187	512566
1313	512566
1313	512566
210007	512566
171101	512566
1313	512566
1313	512566
1313	512566
1280	512566
1302	512566
1301	512566
1313	512566
1313	512566
1313	512566
1313	512566
1313	512566
1313	512566
1313	512566
170187	512566
170187	512566
171101	512566
1313	512566
1313	512566
1313	512566
668	316275
71421	316275
316275	316275
316275	316275
316275	316275
83333	316275
575788	316275
316275	316275
316275	316275
208964	316275
316275	316275
243277	316275
663	316275
543	316275
316275	316275
662	316275
511678	316275
74109	316275
543	316275
312309	316275
641	316275
668	316275
555	316275
312309	316275
316275	316275
316275	316275
662	316275
543	316275
393305	316275
641	316275
543	316275
223926	316275
316275	316275
233412	316275
338187	316275
243277	316275
668	316275
316275	316275
316275	316275
55601	316275
1236	316275
243277	316275
1236	316275
543	316275
562	316275
316275	316275
316275	316275
1236	316275
511678	316275
71421	316275
553611	316275
312309	316275
511678	316275
316275	316275
870	316275
272843	316275
312309	316275
316275	316275
511678	316275
562	316275
543	316275
312309	316275
99287	316275
208964	316275
83333	316275
83333	316275
216895	316275
316275	316275
83333	316275
316275	316275
312309	316275
71421	316275
662	316275
316275	316275
316275	316275
632	316275
316275	316275
316275	316275
99287	316275
511678	316275
243277	316275
1236	316275
1236	316275
83333	316275
243277	316275
243277	316275
553611	316275
511678	316275
662	316275
312309	316275
511678	316275
316275	316275
668	316275
83333	316275
511678	316275
83333	316275
316275	316275
662	316275
641	316275
316275	316275
316275	316275
316275	316275
316275	316275
208964	316275
83333	316275
83333	316275
131567	316275
312309	316275
316275	316275
83333	316275
316275	316275
663	316275
345073	316275
668	316275
316275	316275
316275	316275
482	316275
316275	316275
1236	316275
312309	316275
316275	316275
316275	316275
316275	316275
641	316275
312309	316275
543	316275
316275	316275
223926	316275
641	316275
316275	316275
316275	316275
316275	316275
312309	316275
1236	316275
543	316275
316275	316275
717610	316275
668	316275
388396	316275
223926	316275
511678	316275
543	316275
107806	316275
316275	316275
224308	316275
316275	316275
641	316275
641	316275
71421	316275
316275	316275
2334	316275
672	316275
316275	316275
316275	316275
641	316275
663	316275
543	316275
316275	316275
316275	316275
2	316275
662	316275
1236	316275
543	316275
223926	316275
319	316275
511678	316275
316275	316275
312309	316275
223926	316275
1236	316275
83333	316275
74109	316275
83333	316275
243277	316275
817	316275
562	316275
71421	316275
562	316275
668	316275
316275	316275
223926	316275
511678	316275
316275	316275
316275	316275
316275	316275
243277	316275
83333	316275
223926	316275
319	316275
3702	316275
316275	316275
319	316275
316275	316275
482	316275
316275	316275
316275	316275
319	316275
71421	316275
316275	316275
543	316275
641	316275
243277	316275
316275	316275
338187	316275
543	316275
316275	316275
83333	316275
316275	316275
316275	316275
1236	316275
223926	316275
83333	316275
312309	316275
83333	316275
71421	316275
83333	316275
316275	316275
717610	316275
543	316275
543	316275
312309	316275
211586	316275
55601	316275
316275	316275
71421	316275
338187	316275
312309	316275
641	316275
316275	316275
223926	316275
316275	316275
543	316275
2	316275
1236	316275
316275	316275
243277	316275
511678	316275
312309	316275
662	316275
316275	316275
662	316275
543	316275
1236	316275
316275	316275
572477	316275
22	316275
316275	316275
243277	316275
316275	316275
312309	316275
672	316275
316275	316275
575788	316275
316275	316275
543	316275
312309	316275
243277	316275
1236	316275
316275	316275
83333	316275
83333	316275
243277	316275
1224	316275
1224	316275
668	316275
316275	316275
243277	316275
316275	316275
316275	316275
562	316275
223926	316275
312309	316275
99287	316275
693979	316275
367110	316275
668	316275
100226	316275
316275	316275
666	316275
316275	316275
319	316275
714	316275
668	316275
82367	316275
316275	316275
316275	316275
398511	316275
71421	316275
323	316275
543	316275
662	316275
71421	316275
562	316275
511678	316275
83333	316275
553611	316275
83333	316275
316275	316275
672	316275
312309	316275
543	316275
562	316275
668	316275
562	316275
674	316275
666	316275
83333	316275
243265	316275
272843	316275
71421	316275
674	316275
338187	316275
316275	316275
312309	316275
662	316275
71421	557723
71421	557723
712	557723
71421	557723
281310	557723
557723	557723
233412	557723
272843	557723
557723	557723
233412	557723
557723	557723
557723	557723
543	557723
71421	557723
272843	557723
712	557723
470	557723
1236	557723
557723	557723
715	557723
71421	557723
729	557723
71421	557723
557723	557723
71421	557723
728	557723
1236	557723
557723	557723
712	557723
715	557723
715	557723
543	557723
71421	557723
221988	557723
233412	557723
562	557723
543	557723
715	557723
272843	557723
71421	557723
712	557723
71421	557723
557723	557723
731	557723
71421	557723
71421	557723
731	557723
715	557723
83333	557723
71421	557723
434271	557723
71421	557723
71421	557723
221988	557723
71421	557723
727	557723
543	557723
557723	557723
233412	557723
557723	557723
71421	557723
573	557723
396588	557723
71421	557723
712	557723
71421	557723
71421	557723
1239	557723
557723	557723
221988	557723
233412	557723
284812	557723
71421	557723
71421	557723
71421	557723
83333	557723
71421	557723
557723	557723
272843	557723
715	557723
272843	557723
715	557723
1236	557723
557723	557723
272843	557723
71421	557723
233412	557723
71421	557723
416269	557723
712	557723
223926	557723
71421	557723
71421	557723
233412	557723
712	557723
557723	557723
712	557723
71421	557723
224308	557723
71421	557723
272843	557723
715	557723
99287	557723
71421	557723
557723	557723
557723	557723
71421	557723
715	557723
557723	557723
122277	557723
557723	557723
272843	557723
557723	557723
416269	557723
712	557723
71421	557723
71421	557723
1236	557723
71421	557723
727	557723
71421	557723
71421	557723
543	557723
393305	557723
71421	557723
208964	557723
557723	557723
543	557723
557723	557723
83333	557723
557723	557723
71421	557723
71421	557723
233412	557723
71421	557723
83333	557723
1224	557723
272843	557723
715	557723
83333	557723
71421	557723
714	557723
83333	557723
663	557723
71421	557723
71421	557723
233412	557723
712	557723
557723	557723
71421	557723
233412	557723
557723	557723
557723	557723
272843	557723
71421	557723
71421	557723
10678	557723
71421	557723
557723	557723
221988	557723
83333	557723
272843	557723
724	557723
715	557723
557723	557723
557723	557723
715	557723
557723	557723
272843	557723
233412	557723
71421	557723
557723	557723
71421	557723
557723	557723
71421	557723
1224	557723
71421	557723
557723	557723
416269	557723
71421	557723
557723	557723
712	557723
557723	557723
71421	557723
557723	557723
557723	557723
71421	557723
557723	557723
1236	557723
71421	557723
71421	557723
71421	557723
272843	557723
28105	557723
557723	557723
83333	557723
1398	557723
71421	557723
71421	557723
190486	557723
557723	557723
221988	557723
71421	557723
71421	557723
71421	557723
557723	557723
557723	557723
712	557723
557723	557723
71421	557723
712	557723
1236	557723
71421	557723
543	557723
712	557723
71421	557723
1224	557723
543	557723
482	557723
71421	557723
71421	557723
339671	557723
557723	557723
2	557723
233412	557723
557723	557723
557723	557723
715	557723
243365	557723
3702	557723
557723	557723
557723	557723
71421	557723
712	557723
223926	557723
712	557723
71421	557723
543	557723
71421	557723
557723	557723
557723	557723
71421	557723
71421	557723
71421	557723
543	557723
71421	557723
71421	557723
221988	557723
557723	557723
71421	557723
71421	557723
233412	557723
666	579112
666	579112
243277	579112
666	579112
666	579112
243277	579112
543	579112
666	579112
666	579112
666	579112
668	579112
243277	579112
1236	579112
243277	579112
543	579112
666	579112
243277	579112
666	579112
345073	579112
99287	579112
71421	579112
243277	579112
666	579112
666	579112
543	579112
345073	579112
399741	579112
223926	579112
662	579112
243277	579112
1280	579112
1236	579112
666	579112
243277	579112
663	579112
543	579112
666	579112
243277	579112
243277	579112
663	579112
83333	579112
666	579112
243277	579112
543	579112
666	579112
243277	579112
83333	579112
662	579112
666	579112
662	579112
666	579112
575788	579112
71421	579112
666	579112
666	579112
243277	579112
666	579112
243277	579112
666	579112
243277	579112
562	579112
666	579112
666	579112
666	579112
666	579112
243277	579112
354	579112
74109	579112
662	579112
666	579112
666	579112
83333	579112
666	579112
666	579112
666	579112
562	579112
83333	579112
243277	579112
243277	579112
2759	579112
666	579112
575788	579112
243277	579112
543	579112
243277	579112
83333	579112
243277	579112
243277	579112
1224	579112
543	579112
666	579112
666	579112
666	579112
243277	579112
83333	579112
666	579112
666	579112
243277	579112
666	579112
562	579112
243277	579112
243277	579112
83333	579112
243277	579112
243277	579112
666	579112
666	579112
666	579112
666	579112
198804	579112
243277	579112
83333	579112
666	579112
562	579112
666	579112
543	579112
243277	579112
83333	579112
243277	579112
543	579112
243277	579112
243277	579112
243277	579112
562	579112
666	579112
83333	579112
666	579112
666	579112
543	579112
666	579112
579112	579112
666	579112
243277	579112
666	579112
666	579112
666	579112
243277	579112
543	579112
243277	579112
243277	579112
666	579112
243277	579112
615	579112
666	579112
543	579112
666	579112
666	579112
666	579112
662	579112
543	579112
354	579112
588	579112
223926	579112
71421	579112
1236	579112
1236	579112
543	579112
666	579112
107806	579112
243277	579112
666	579112
243277	579112
71421	579112
71421	579112
243277	579112
666	579112
662	579112
243277	579112
669	579112
543	579112
663	579112
662	579112
666	579112
666	579112
71421	579112
243277	579112
243277	579112
354	579112
666	579112
543	579112
243277	579112
243277	579112
666	579112
243277	579112
243274	579112
543	579112
243277	579112
666	579112
1236	579112
243277	579112
543	579112
666	579112
243277	579112
666	579112
666	579112
666	579112
543	579112
666	579112
243277	579112
666	579112
666	579112
662	579112
543	579112
243277	579112
663	579112
666	579112
243277	579112
83333	579112
666	579112
243277	579112
243277	579112
243277	579112
668	579112
666	579112
666	579112
666	579112
666	579112
641	579112
666	579112
243277	579112
243277	579112
243277	579112
663	579112
666	579112
316	579112
543	579112
243277	579112
666	579112
666	579112
666	579112
243277	579112
243277	579112
29494	579112
666	579112
666	579112
562	579112
662	579112
543	579112
243277	579112
663	579112
666	579112
71421	579112
83333	579112
243277	579112
666	579112
243277	579112
223926	579112
243277	579112
666	579112
243277	579112
326442	579112
243277	579112
666	579112
666	579112
666	579112
666	579112
243277	579112
243277	579112
666	579112
543	579112
243277	579112
666	579112
666	579112
666	579112
243277	579112
243277	579112
243277	579112
243277	579112
671	579112
543	579112
543	579112
272943	579112
71421	579112
243277	579112
662	579112
666	579112
666	579112
83333	579112
562	579112
662	579112
243277	579112
243277	579112
666	579112
666	579112
243277	579112
243277	579112
662	579112
666	579112
666	579112
662	579112
243277	579112
243277	579112
666	579112
243277	579112
666	579112
1236	579112
666	579112
666	579112
243277	579112
1236	579112
243277	579112
543	579112
666	579112
243277	579112
543	579112
666	579112
208964	579112
83333	413997
83333	413997
83334	413997
543	413997
83333	413997
562	413997
543	413997
83333	413997
83333	413997
454169	413997
543	413997
562	413997
83333	413997
83333	413997
543	413997
543	413997
543	413997
83333	413997
83333	413997
543	413997
543	413997
83333	413997
543	413997
543	413997
83333	413997
543	413997
543	413997
543	413997
543	413997
562	413997
83333	413997
543	413997
99287	413997
83333	413997
543	413997
562	413997
562	413997
562	413997
83333	413997
562	413997
562	413997
562	413997
543	413997
543	413997
83333	413997
543	413997
83333	413997
543	413997
562	413997
543	413997
543	413997
83333	413997
543	413997
83333	413997
562	413997
543	413997
83333	413997
562	413997
83333	413997
83333	413997
543	413997
543	413997
83333	413997
83333	413997
83333	413997
83333	413997
543	413997
59201	413997
83333	413997
543	413997
543	413997
562	413997
562	413997
83333	413997
543	413997
543	413997
543	413997
562	413997
562	413997
543	413997
543	413997
543	413997
83333	413997
543	413997
83333	413997
543	413997
562	413997
543	413997
543	413997
562	413997
543	413997
543	413997
83333	413997
543	413997
543	413997
543	413997
543	413997
543	413997
543	413997
83333	413997
562	413997
620	413997
83333	413997
543	413997
543	413997
543	413997
543	413997
562	413997
83333	413997
543	413997
543	413997
83333	413997
543	413997
1236	413997
543	413997
83333	413997
83333	413997
543	413997
543	413997
83333	413997
83333	413997
83333	413997
562	413997
543	413997
83333	413997
543	413997
83333	413997
83333	413997
562	413997
83333	413997
562	413997
83333	413997
83333	413997
83333	413997
543	413997
83333	413997
562	413997
562	413997
543	413997
83333	413997
543	413997
543	413997
562	413997
543	413997
543	413997
83333	413997
83333	413997
83333	413997
83333	413997
83333	413997
83333	413997
562	413997
562	413997
562	413997
80864	413997
83333	413997
83333	413997
83333	413997
1236	413997
562	413997
83333	413997
543	413997
83333	413997
83333	413997
83333	413997
83333	413997
543	413997
83333	413997
83333	413997
83333	413997
83333	413997
543	413997
543	413997
543	413997
83333	413997
83333	413997
83333	413997
543	413997
562	413997
543	413997
83333	413997
83333	413997
543	413997
543	413997
83333	413997
543	413997
83333	413997
543	413997
562	413997
83333	413997
83333	413997
562	413997
83333	413997
562	413997
83333	413997
83333	413997
543	413997
83333	413997
543	413997
543	413997
83333	413997
562	413997
83333	413997
562	413997
562	413997
99287	413997
543	413997
83333	413997
543	413997
290339	413997
562	413997
543	413997
83333	413997
543	413997
543	413997
300267	413997
83333	413997
10754	413997
562	413997
543	413997
83333	413997
543	413997
562	413997
83333	413997
562	413997
344609	413997
83333	413997
562	413997
543	413997
83333	413997
83333	413997
562	413997
562	413997
543	413997
562	413997
562	413997
83333	413997
83333	413997
83333	413997
83333	413997
543	413997
83333	413997
83333	413997
83333	413997
543	413997
83333	413997
83333	413997
83333	413997
562	413997
562	413997
543	413997
562	413997
83333	413997
543	413997
83333	413997
83333	413997
543	413997
543	413997
543	413997
543	413997
83333	413997
543	413997
543	413997
1236	413997
83333	413997
83333	413997
83333	413997
543	413997
543	413997
83333	413997
83333	413997
83333	413997
83333	413997
83333	413997
543	413997
562	413997
83333	413997
562	413997
83333	413997
543	413997
543	413997
83333	413997
543	413997
83333	413997
562	413997
543	413997
543	413997
562	413997
543	413997
543	413997
562	413997
83333	413997
543	413997
543	413997
83333	413997
543	413997
83333	413997
83334	413997
562	413997
83333	413997
83333	413997
543	413997
562	413997
543	413997
562	413997
543	413997
83333	413997
561230	413997
562	413997
562	413997
83333	413997
543	413997
543	413997
83333	413997
83333	413997
562	413997
543	413997
83333	413997
543	413997
543	413997
83333	413997
208964	413997
562	413997
543	413997
543	413997
543	413997
543	413997
543	413997
543	413997
562	413997
83333	413997
562	413997
83333	413997
83333	413997
543	413997
543	413997
543	413997
83333	413997
543	413997
543	413997
543	413997
83333	413997
543	413997
543	413997
83333	413997
543	413997
83333	413997
562	413997
562	413997
562	413997
543	413997
83333	413997
83333	413997
562	413997
543	413997
543	413997
543	413997
543	413997
83333	413997
83333	413997
83333	413997
543	413997
562	413997
83333	413997
562	413997
543	413997
83333	413997
83333	413997
562	413997
83333	413997
562	413997
83333	413997
83333	413997
83333	413997
83333	413997
83333	413997
543	413997
83333	413997
83333	413997
83333	413997
562	413997
1236	413997
83333	413997
83333	413997
543	413997
573	413997
543	413997
83333	413997
543	413997
543	413997
83333	413997
83333	413997
83333	413997
543	413997
543	413997
543	413997
83333	413997
562	413997
99287	413997
83333	413997
83333	413997
83333	413997
83333	413997
83333	413997
543	413997
83333	413997
543	413997
83333	413997
83333	413997
543	413997
83333	413997
83333	413997
83333	413997
83333	413997
83333	413997
562	413997
83333	413997
543	413997
83333	413997
562	413997
83333	413997
83333	413997
543	413997
83333	413997
83333	413997
83333	413997
543	413997
543	413997
83333	413997
543	413997
373384	413997
83333	413997
83333	413997
543	413997
543	413997
83333	413997
83333	413997
562	413997
83333	413997
83333	413997
562	413997
562	413997
83333	413997
83333	413997
83333	413997
543	413997
543	413997
543	413997
562	413997
543	413997
543	413997
562	413997
562	413997
83333	413997
83333	413997
543	413997
543	413997
83333	413997
83333	413997
83333	413997
543	413997
83333	413997
543	413997
562	413997
543	413997
83333	413997
561	413997
543	413997
562	413997
83333	413997
543	413997
562	413997
83333	413997
543	413997
543	413997
562	413997
543	413997
562	413997
562	413997
543	413997
83333	413997
83333	413997
543	413997
83333	413997
543	413997
83333	413997
83333	413997
543	413997
543	413997
83333	413997
562	413997
562	413997
83333	413997
543	413997
562	413997
83333	413997
543	413997
543	413997
562	413997
543	413997
83333	413997
543	413997
543	413997
562	413997
543	413997
83333	413997
83333	413997
562	413997
543	413997
83333	413997
562	413997
562	413997
543	413997
543	413997
543	413997
543	413997
83333	413997
83333	413997
83333	413997
83333	413997
562	413997
543	413997
543	413997
83333	413997
562	413997
83333	413997
561	413997
83333	413997
543	413997
543	413997
83333	413997
83334	413997
562	413997
83333	413997
543	413997
83333	413997
543	413997
373384	413997
83333	413997
83333	413997
83333	413997
543	413997
543	413997
543	413997
83333	413997
543	413997
83333	413997
83333	413997
543	413997
83333	413997
543	413997
83333	413997
83333	413997
621	413997
83333	413997
83333	413997
543	413997
83333	413997
83333	413997
83333	413997
83333	413997
562	413997
543	413997
83333	413997
99287	413997
83333	413997
83333	413997
83333	413997
543	413997
83333	413997
562	413997
83333	413997
83333	413997
562	413997
83334	413997
83333	413997
562	413997
562	413997
543	413997
83333	413997
543	413997
83333	413997
562	413997
543	413997
83333	413997
83333	413997
543	413997
562	413997
562	413997
83333	413997
83333	413997
562	413997
543	413997
83333	413997
83333	413997
83333	413997
562	413997
83333	413997
83333	413997
562	413997
83333	413997
543	413997
83333	413997
83333	413997
543	413997
562	413997
83333	413997
562	413997
543	413997
83333	413997
83333	413997
543	413997
562	413997
83333	413997
83333	413997
83333	413997
562	413997
83333	413997
83333	413997
83333	413997
83333	413997
83333	413997
83333	413997
543	413997
83333	413997
83333	413997
562	413997
83333	413997
83333	413997
83333	413997
543	413997
543	413997
83333	413997
543	413997
83333	413997
543	413997
543	413997
543	413997
83333	413997
562	413997
83333	413997
83333	413997
543	413997
543	413997
83333	413997
83333	413997
83333	413997
543	413997
543	413997
543	413997
562	413997
83333	413997
83333	413997
543	413997
83333	413997
83333	413997
83333	413997
83333	413997
562	413997
83333	413997
83333	413997
83333	413997
83333	413997
543	413997
83333	413997
543	413997
573	413997
562	413997
543	413997
83333	413997
543	413997
83333	413997
562	413997
83333	413997
562	413997
83333	413997
83333	413997
543	413997
1236	413997
83333	413997
83333	413997
83334	413997
543	413997
561	413997
83333	413997
543	413997
83333	413997
543	413997
83333	413997
543	413997
83333	413997
543	413997
543	413997
562	413997
562	413997
543	413997
543	413997
543	413997
562	413997
83333	413997
83333	413997
543	413997
543	413997
543	413997
543	413997
83333	413997
83333	413997
83333	413997
83333	413997
562	413997
83333	413997
83333	413997
83333	413997
83333	413997
83333	413997
562	413997
300267	413997
83333	413997
83333	413997
543	413997
83333	413997
562	413997
543	413997
543	413997
562	413997
543	413997
543	413997
83333	413997
83333	413997
543	413997
543	413997
543	413997
83333	413997
83333	413997
543	413997
83333	413997
83333	413997
543	413997
83333	413997
83333	413997
83333	413997
562	413997
83333	413997
562	413997
300267	413997
83333	413997
83333	413997
543	413997
99287	413997
543	413997
83333	413997
562	413997
83333	413997
543	413997
83333	413997
543	413997
543	413997
83333	413997
83333	413997
83333	413997
543	413997
83333	413997
543	413997
543	413997
83333	413997
83333	413997
562	413997
562	413997
83333	413997
83333	413997
83333	413997
543	413997
543	413997
562	413997
543	413997
562	413997
83333	413997
10705	413997
562	413997
83333	413997
83333	413997
543	413997
83333	413997
543	413997
83333	413997
543	413997
543	413997
562	413997
99287	413997
543	413997
543	413997
562	413997
543	413997
562	413997
562	413997
543	413997
83333	413997
83334	413997
543	413997
83333	413997
83333	413997
83333	413997
543	413997
543	413997
543	413997
83333	413997
83333	413997
543	413997
562	413997
562	413997
543	413997
562	413997
83333	413997
562	413997
543	413997
83333	413997
83333	413997
83333	413997
562	413997
543	413997
83333	413997
83333	413997
543	413997
543	413997
83333	413997
562	413997
562	413997
562	413997
543	413997
543	413997
543	413997
83333	413997
83333	413997
83333	413997
83333	413997
562	413997
562	413997
562	413997
83333	413997
543	413997
562	413997
83333	413997
83333	413997
83333	413997
562	413997
83333	413997
83333	413997
83333	413997
562	413997
83333	413997
83333	413997
562	413997
543	413997
543	413997
562	413997
543	413997
543	413997
543	413997
543	413997
543	413997
543	413997
83333	413997
83333	413997
83333	413997
562	413997
83333	413997
83333	413997
543	413997
83333	413997
83333	413997
83333	413997
543	413997
543	413997
623	413997
83333	413997
83333	413997
83333	413997
71421	413997
543	413997
83333	413997
562	413997
210	592205
210	592205
85962	592205
209	592205
210	592205
210	592205
543	592205
210	592205
209	592205
210	592205
210	592205
210	592205
210	592205
85962	592205
210	592205
210	592205
563041	592205
210	592205
85962	592205
357544	592205
85962	592205
224308	592205
210	592205
209	592205
210	592205
85962	592205
210	592205
210	592205
210	592205
85962	592205
210	592205
85962	592205
209	592205
210	592205
85962	592205
85962	592205
380	592205
210	592205
85962	592205
85962	592205
85962	592205
210	592205
210	592205
210	592205
210	592205
209	592205
85963	592205
85962	592205
85962	592205
210	592205
85962	592205
209	592205
562	592205
210	592205
85962	592205
210	592205
210	592205
85963	592205
85963	592205
210	592205
209	592205
512562	592205
209	592205
210	592205
210	592205
209	592205
210	592205
210	592205
85962	592205
210	592205
210	592205
85963	592205
210	592205
210	592205
210	592205
210	592205
512562	592205
85963	592205
210	592205
271	592205
85963	592205
210	592205
85962	592205
210	592205
210	592205
209	592205
570508	592205
85963	592205
85962	592205
85963	592205
85962	592205
210	592205
210	592205
210	592205
210	592205
210	592205
210	592205
210	592205
210	592205
85962	592205
209	592205
210	592205
85963	592205
85963	592205
209	592205
145260	592205
210	592205
85963	592205
209	592205
210	592205
85962	592205
210	592205
210	592205
210	592205
210	592205
210	592205
85963	592205
85963	592205
85963	592205
210	592205
210	592205
85963	592205
210	592205
210	592205
210	592205
210	592205
85963	592205
210	592205
210	592205
382638	592205
85962	592205
85962	592205
570508	592205
357544	592205
210	592205
570508	592205
210	592205
78245	592205
210	592205
85963	592205
85962	592205
210	592205
210	592205
210	592205
85962	592205
