40540	40540
40540	40540
46015	271108
46015	271108
46015	271108
46015	271108
46015	271108
46015	271108
46015	271108
46015	271108
46015	271108
46015	271108
558016	271108
46015	271108
46015	271108
46015	271108
46015	271108
46015	271108
46015	271108
46015	271108
46015	271108
46015	271108
46015	271108
271108	271108
46015	271108
46015	271108
46015	271108
46015	271108
46015	271108
271108	271108
46015	271108
46015	271108
46015	271108
46015	271108
46015	271108
46015	271108
46015	271108
271108	271108
46015	271108
46015	271108
46015	271108
46015	271108
46015	271108
46015	271108
107806	107806
224325	224325
224325	224325
224325	224325
224325	224325
224325	224325
224325	224325
224325	224325
224325	224325
224325	224325
224325	224325
224308	224325
224325	224325
224325	224325
224325	224325
224325	224325
224325	224325
224325	224325
224325	224325
224325	224325
224325	224325
224325	224325
224325	224325
224325	224325
243232	224325
224325	224325
224325	224325
224325	224325
224325	224325
224325	224325
224325	224325
593117	224325
224325	224325
224325	224325
224325	224325
224325	224325
224325	224325
224325	224325
224325	224325
224325	224325
224325	224325
224325	224325
224325	224325
224325	224325
224325	224325
224325	224325
224325	224325
224325	224325
224325	224325
224325	224325
224325	224325
224325	224325
243232	224325
523849	224325
224325	224325
224325	224325
224325	224325
187420	224325
224325	224325
224325	224325
224325	224325
224325	224325
224325	224325
224325	224325
330779	224325
224325	224325
224325	224325
224325	224325
224325	224325
224325	224325
243232	224325
224325	224325
224325	224325
224325	224325
224325	224325
224325	224325
224325	224325
224325	224325
224325	224325
224325	224325
224325	224325
224325	224325
224325	224325
243232	224325
224325	224325
224325	224325
224325	224325
224325	224325
224325	224325
224325	224325
224325	224325
224325	224325
224325	224325
224325	224325
224325	224325
224325	224325
224325	224325
224325	224325
224325	224325
224325	224325
224325	224325
224325	224325
224325	224325
224325	224325
224325	224325
224325	224325
224325	224325
224325	224325
572546	224325
224325	224325
224325	224325
224325	224325
224325	224325
224325	224325
224325	224325
224325	224325
224325	224325
224325	224325
224325	224325
224325	224325
224325	224325
224325	224325
224325	224325
224325	224325
224325	224325
2	224325
224325	224325
224325	224325
224325	224325
224325	224325
224325	224325
224325	224325
224325	224325
224325	224325
224325	224325
224325	224325
224325	224325
224325	224325
9541	224325
224325	224325
224325	224325
224325	224325
224325	224325
186497	224325
591001	224325
224325	224325
224325	224325
224325	224325
224325	224325
224325	224325
224325	224325
224325	224325
243232	224325
224325	224325
224325	224325
224325	224325
224325	224325
224325	224325
224325	224325
224325	224325
28890	224325
224325	224325
224325	224325
224325	224325
224325	224325
224325	224325
224325	224325
131567	224325
224325	224325
243274	224325
224325	224325
224325	224325
224325	224325
224308	224325
224325	224325
224325	224325
224325	224325
224325	224325
224325	224325
224325	224325
224325	224325
224325	224325
224325	224325
224325	224325
224325	224325
224325	224325
224325	224325
224325	224325
224325	224325
224325	224325
224325	224325
272562	224325
224325	224325
224325	224325
224325	224325
224325	224325
224325	224325
224325	224325
224325	224325
224325	224325
224325	224325
224325	224325
224325	224325
224325	224325
224325	224325
224325	224325
224325	224325
224325	224325
224325	224325
224325	224325
224325	224325
224325	224325
224325	224325
224325	224325
224325	224325
224325	224325
224325	224325
224325	224325
224325	224325
224325	224325
224325	224325
224325	224325
336407	224325
224325	224325
224325	224325
224325	224325
224325	224325
224325	224325
224325	224325
224325	224325
224325	224325
224325	224325
224325	224325
224325	224325
224325	224325
224325	224325
224325	224325
224325	224325
224325	224325
224325	224325
224325	224325
224325	224325
224325	224325
224325	224325
224325	224325
224325	224325
224325	224325
224325	224325
224325	224325
224325	224325
224325	224325
224325	224325
224325	224325
224325	224325
224325	224325
286	224325
224325	224325
42879	224325
224325	224325
224325	224325
224325	224325
224325	224325
224325	224325
224308	224325
224325	224325
224325	224325
224325	224325
224325	224325
243232	224325
224325	224325
224325	224325
224325	224325
224325	224325
224325	224325
224325	224325
224325	224325
224325	224325
224325	224325
224325	224325
224325	224325
224325	224325
224325	224325
224325	224325
224325	224325
224325	224325
224325	224325
224325	224325
224325	224325
224325	224325
224325	224325
224325	224325
224325	224325
224325	224325
224325	224325
71421	272843
272843	272843
272843	272843
71421	272843
272843	272843
272843	272843
715	272843
71421	272843
71421	272843
272843	272843
272843	272843
272843	272843
71421	272843
272843	272843
71421	272843
272843	272843
272843	272843
272843	272843
71421	272843
71421	272843
71421	272843
272843	272843
83333	272843
71421	272843
71421	272843
71421	272843
272843	272843
272843	272843
272843	272843
71421	272843
71421	272843
272843	272843
272843	272843
272843	272843
272843	272843
272843	272843
272843	272843
272843	272843
272843	272843
71421	272843
272843	272843
272843	272843
272843	272843
71421	272843
272843	272843
71421	272843
71421	272843
712	272843
272843	272843
272843	272843
71421	272843
272843	272843
272843	272843
543	272843
272843	272843
272843	272843
71421	272843
71421	272843
272843	272843
71421	272843
272843	272843
71421	272843
272843	272843
71421	272843
272843	272843
712	272843
272843	272843
71421	272843
71421	272843
272843	272843
272843	272843
71421	272843
272843	272843
71421	272843
272843	272843
71421	272843
272843	272843
71421	272843
272843	272843
233412	272843
272843	272843
71421	272843
272843	272843
272843	272843
272843	272843
272843	272843
272843	272843
71421	272843
272843	272843
228400	272843
170187	272843
71421	272843
272843	272843
44689	272843
71421	272843
1236	272843
71421	272843
71421	272843
272843	272843
272843	272843
272843	272843
272843	272843
218491	272843
272843	272843
272843	272843
71421	272843
272843	272843
272843	272843
272843	272843
272843	272843
272843	272843
272843	272843
272843	272843
272843	272843
71421	272843
562	272843
712	272843
272843	272843
272843	272843
71421	272843
71421	272843
71421	272843
543	272843
272843	272843
71421	272843
272843	272843
71421	272843
272843	272843
272843	272843
71421	272843
272843	272843
71421	272843
71421	272843
727	272843
71421	272843
83333	272843
71421	272843
71421	272843
71421	272843
71421	272843
712	272843
71421	272843
712	272843
71421	272843
71421	272843
71421	272843
272843	272843
712	272843
272843	272843
272843	272843
272843	272843
71421	272843
272843	272843
272843	272843
272843	272843
272843	272843
272843	272843
272843	272843
71421	272843
71421	272843
71421	272843
562	272843
71421	272843
272843	272843
543	272843
71421	272843
272843	272843
308872	272843
272843	272843
272843	272843
712	272843
71421	272843
272843	272843
272843	272843
71421	272843
272843	272843
71421	272843
272843	272843
71421	272843
272843	272843
71421	272843
71421	272843
272843	272843
272843	272843
71421	272843
272843	272843
272843	272843
83333	272843
71421	272843
562	272843
224308	272843
272843	272843
272843	272843
71421	272843
272843	272843
272843	272843
71421	272843
272843	272843
272843	272843
634503	272843
272843	272843
71421	272843
71421	272843
272843	272843
727	272843
228400	272843
71421	272843
272843	272843
83333	272843
71421	272843
712	272843
272843	272843
272843	272843
272843	272843
272843	272843
99287	272843
272843	272843
71421	272843
1236	272843
272843	272843
83333	272843
71421	272843
272843	272843
712	272843
71421	272843
272843	272843
71421	272843
71421	272843
272843	272843
83333	272843
272843	272843
272843	272843
71421	272843
272843	272843
71421	272843
85962	272843
71421	272843
272843	272843
71421	272843
272843	272843
71421	272843
272843	272843
272843	272843
71421	272843
71421	272843
629	272843
272843	272843
71421	272843
272843	272843
562	272843
272843	272843
272843	272843
228400	272843
71421	272843
272843	272843
71421	272843
59201	272843
71421	272843
272843	272843
71421	272843
272843	272843
228400	272843
279808	272843
228400	272843
71421	272843
712	272843
71421	272843
228400	272843
272843	272843
272843	272843
272843	272843
71421	272843
272843	272843
71421	272843
71421	272843
71421	272843
272843	272843
562	272843
71421	272843
272843	272843
272843	272843
272843	272843
71421	272843
272843	272843
71421	272843
272843	272843
1236	272843
71421	272843
71421	272843
272843	272843
71421	272843
71421	272843
399742	272843
272843	272843
272843	272843
71421	272843
272843	272843
228400	272843
727	272843
272843	272843
1236	272843
71421	272843
272843	272843
272843	272843
71421	272843
71421	272843
71421	272843
712	272843
272843	272843
71421	272843
272843	272843
71421	272843
243265	272843
272843	272843
272843	272843
272843	272843
71421	272843
71421	272843
272843	272843
71421	272843
71421	272843
272843	272843
272843	272843
272843	272843
543	272843
272843	272843
83333	272843
272843	272843
272843	272843
272843	272843
272843	272843
272843	272843
272843	272843
272843	272843
272843	272843
272843	272843
272843	272843
272843	272843
272843	272843
71421	272843
272843	272843
71421	272843
272843	272843
176299	272843
71421	272843
272843	272843
71421	272843
71421	272843
272843	272843
71421	272843
272843	272843
272843	272843
272843	272843
71421	272843
272843	272843
71421	272843
272843	272843
712	272843
272843	272843
272843	272843
71421	272843
71421	272843
71421	272843
71421	272843
272843	272843
272843	272843
272843	272843
272843	272843
272843	272843
71421	272843
272843	272843
731	272843
272843	272843
71421	272843
272843	272843
71421	272843
272843	272843
272843	272843
712	272843
71421	272843
71421	272843
272843	272843
272843	272843
71421	272843
272843	272843
71421	272843
272843	272843
71421	272843
272843	272843
543	272843
272843	272843
562	272843
272843	272843
281310	272843
272843	272843
71421	272843
71421	272843
71421	272843
712	272843
272843	272843
272843	272843
731	272843
272843	272843
71421	272843
71421	272843
272843	272843
272843	272843
71421	272843
272843	272843
272843	272843
272843	272843
71421	272843
198628	272843
727	272843
272843	272843
272843	272843
272843	272843
272843	272843
83333	272843
272843	272843
1236	272843
272843	272843
272843	272843
71421	272843
272843	272843
272843	272843
71421	272843
272843	272843
71421	272843
562	272843
272843	272843
71421	272843
272843	272843
272843	272843
272843	272843
641	272843
204773	272843
272843	272843
272843	272843
272843	272843
272843	272843
71421	272843
83333	272843
272843	272843
71421	272843
71421	272843
272562	272562
272562	272562
272562	272562
272562	272562
272562	272562
272562	272562
272562	272562
243274	272562
272562	272562
272562	272562
272562	272562
272562	272562
272562	272562
272562	272562
272562	272562
226900	272562
272562	272562
272562	272562
1764	272562
1386	272562
272562	272562
272562	272562
272562	272562
195103	272562
272562	272562
272562	272562
29323	272562
272562	272562
224308	272562
243274	272562
1385	272562
272562	272562
272562	272562
77643	272562
272562	272562
224308	272562
83333	272562
272562	272562
357809	272562
1440	272562
272562	272562
272562	272562
272562	272562
203119	272562
272562	272562
549	272562
272562	272562
272562	272562
224308	272562
272562	272562
272562	272562
573	272562
272562	272562
224308	272562
71421	272562
224308	272562
272562	272562
272562	272562
272562	272562
272562	272562
83333	272562
1121335	272562
272562	272562
272562	272562
224308	272562
272562	272562
272562	272562
272562	272562
272562	272562
272562	272562
272562	272562
272562	272562
272562	272562
272562	272562
1501	272562
243230	272562
272562	272562
272562	272562
195103	272562
272562	272562
272562	272562
224308	272562
272562	272562
272562	272562
272562	272562
272562	272562
272562	272562
1075091	272562
272562	272562
272562	272562
272562	272562
2	272562
559292	272562
272562	272562
272562	272562
44001	272562
272562	272562
559292	272562
272562	272562
272562	272562
272562	272562
272562	272562
195102	272562
272562	272562
312309	272562
272562	272562
1421	272562
272562	272562
272562	272562
224308	272562
1358	272562
224308	272562
272562	272562
203119	272562
1501	272562
1491	272562
224308	272562
272562	272562
272562	272562
272562	272562
272562	272562
1075091	272562
272562	272562
1501	272562
272562	272562
1279	272562
272562	272562
272562	272562
272562	272562
272562	272562
272562	272562
86661	272562
224308	272562
224308	272562
272562	272562
272562	272562
272562	272562
272562	272562
272562	272562
272562	272562
224308	272562
224308	272562
272562	272562
272562	272562
1523	272562
314146	272562
272562	272562
4039	272562
170187	272562
29323	272562
272562	272562
224308	272562
272562	272562
243276	272562
243164	272562
272562	272562
272562	272562
272562	272562
272562	272562
272562	272562
224324	272562
272562	272562
284812	272562
272562	272562
272562	272562
272562	272562
224308	272562
272562	272562
83333	272562
272562	272562
1488	272562
272562	272562
272562	272562
272562	272562
1386	272562
272562	272562
272562	272562
272562	272562
272562	272562
272562	272562
272562	272562
272562	272562
272562	272562
272562	272562
272562	272562
272562	272562
10090	272562
272562	272562
2	272562
272562	272562
272562	272562
272562	272562
272562	272562
1111708	272562
1117943	272562
272562	272562
272562	272562
1236	272562
272562	272562
272562	272562
224308	272562
272562	272562
431943	272562
224308	272562
641	272562
272562	272562
272562	272562
272562	272562
272562	272562
272562	272562
203119	272562
272562	272562
272562	272562
272562	272562
272562	272562
99287	272562
272562	272562
224326	272562
224308	272562
1502	272562
272562	272562
224308	272562
272562	272562
272562	272562
272562	272562
272562	272562
1422	272562
243232	272562
272562	272562
272562	272562
272562	272562
224308	272562
272562	272562
272562	272562
224308	272562
272562	272562
272562	272562
272562	272562
272562	272562
272562	272562
272562	272562
272562	272562
272562	272562
1386	272562
272562	272562
224308	272562
272562	272562
272562	272562
272562	272562
203119	272562
272562	272562
272562	272562
272562	272562
224308	272562
272562	272562
543	272562
224308	272562
272562	272562
77643	272562
272562	272562
272562	272562
224308	272562
224308	272562
272562	272562
224308	272562
1496	272562
186826	272562
272562	272562
272562	272562
272562	272562
272562	272562
1111708	273063
273063	273063
273063	273063
562	273063
273063	273063
273063	273063
273063	273063
273063	273063
340102	273063
273063	273063
273057	273063
273063	273063
273063	273063
42879	273063
273063	273063
439386	273063
273063	273063
273063	273063
273063	273063
273063	273063
273057	273063
273063	273063
273063	273063
273063	273063
273063	273063
273063	273063
273063	273063
243274	273063
91561	273063
69656	273063
2283	273063
273063	273063
273063	273063
273063	273063
273063	273063
273063	273063
273063	273063
290398	273063
273063	273063
131567	273063
2759	273063
273063	273063
273063	273063
273057	273063
273063	273063
290434	273063
273063	273063
273057	273063
273063	273063
273063	273063
273063	273063
273063	273063
330779	273063
273063	273063
273063	273063
330779	273063
224308	273063
273063	273063
273063	273063
330779	273063
273063	273063
273063	273063
273063	273063
273063	273063
273063	273063
273063	273063
104027	273063
273063	273063
273063	273063
273063	273063
273063	273063
314146	273063
273063	273063
330779	273063
273063	273063
273063	273063
183924	273063
273063	273063
273063	273063
2283	273063
273063	273063
273063	273063
490899	273063
273057	273063
71421	273063
273063	273063
70601	273063
243232	273063
273063	273063
273063	273063
273063	273063
273063	273063
273063	273063
273063	273063
273063	273063
330779	273063
273063	273063
273063	273063
559292	273063
273063	273063
273063	273063
273063	273063
273063	273063
765715	273063
273063	273063
273063	273063
273063	273063
2272	273063
273057	273063
2284	273063
243274	273063
273063	273063
273063	273063
224325	273063
273063	273063
273057	273063
273063	273063
273063	273063
273063	273063
330779	273063
273063	273063
273063	273063
273063	273063
273063	273063
273063	273063
273063	273063
243232	273063
274	273063
273063	273063
273063	273063
273063	273063
70601	273063
273063	273063
273063	273063
273063	273063
273063	273063
273063	273063
273063	273063
39107	273063
273063	273063
224308	273063
224308	273063
273063	273063
273063	273063
273063	273063
273063	273063
273063	273063
178306	273063
273063	273063
194439	273063
273063	273063
273063	273063
273057	273063
273063	273063
228410	228410
228410	228410
2787	228410
228410	228410
228410	228410
349521	228410
914	228410
228410	228410
228410	228410
208964	228410
228410	228410
1236	228410
1224	228410
914	228410
228410	228410
381666	228410
228410	228410
312309	228410
562	228410
243277	228410
228410	228410
77643	228410
1236	228410
543	228410
228410	228410
228410	228410
228410	228410
83333	228410
2	228410
228410	228410
228410	228410
228410	228410
228410	228410
309807	228410
228410	228410
228410	228410
228410	228410
228410	228410
228410	228410
228410	228410
228410	228410
379731	228410
1236	228410
228410	228410
71421	228410
228410	228410
228410	228410
228410	228410
228410	228410
228410	228410
208964	228410
1140	228410
1224	228410
228410	228410
543	228410
228410	228410
228410	228410
562	228410
208964	228410
131567	228410
438753	228410
1236	228410
228410	228410
228410	228410
393595	228410
914	228410
228410	228410
99287	228410
228410	228410
228410	228410
286	228410
228410	228410
228410	228410
228410	228410
487	228410
228410	228410
228410	228410
228410	228410
228410	228410
882102	228410
228410	228410
228410	228410
228410	228410
243277	228410
228410	228410
228410	228410
228410	228410
228410	228410
228410	228410
272558	228410
83333	228410
914	228410
228410	228410
71421	228410
60481	228410
208964	228410
228410	228410
228410	228410
228410	228410
192222	228410
208963	228410
314146	228410
365044	228410
224911	228410
482	228410
914	228410
71421	228410
206379	228410
228410	228410
355	228410
1236	228410
228410	228410
228410	228410
272620	228410
914	228410
228410	228410
335283	228410
228410	228410
228410	228410
316275	228410
71421	228410
131567	228410
228410	228410
399739	228410
228410	228410
208964	228410
630	228410
228410	228410
227377	228410
543	228410
228410	228410
228410	228410
517	228410
406	228410
228410	228410
228410	228410
90370	228410
228410	228410
395019	228410
228410	228410
914	228410
83333	228410
228410	228410
395019	228410
228410	228410
228410	228410
312309	228410
335543	228410
543	228410
243230	228410
228410	228410
228410	228410
228410	228410
228410	228410
228410	228410
228410	228410
267608	228410
228410	228410
228410	228410
228410	228410
1236	228410
543	228410
1236	228410
228410	228410
294	228410
382245	228410
228410	228410
404589	228410
1236	228410
192222	228410
228410	228410
228410	228410
1224	228410
323848	228410
228410	228410
228410	228410
85962	228410
228410	228410
228410	228410
2	228410
228410	228410
1437201	228410
228410	228410
228410	228410
228410	228410
228410	228410
228410	228410
243090	228410
264198	228410
228410	228410
914	228410
228410	228410
340	228410
914	228410
482	228410
224308	228410
266264	228410
2	228410
122586	228410
208964	228410
228410	228410
228410	228410
228410	228410
228410	228410
71421	228410
83333	228410
228410	228410
228410	228410
99287	228410
228410	228410
228410	228410
122586	228410
228410	228410
485	228410
269796	228410
228410	228410
207559	228410
1061	228410
228410	228410
1075	228410
228410	228410
243277	228410
914	228410
228410	228410
228410	228410
83333	228410
228410	228410
2371	228410
228410	228410
228410	228410
381666	228410
228410	228410
228410	228410
228410	228410
228410	228410
228410	228410
228410	228410
228410	228410
83333	228410
228410	228410
76114	228410
208964	228410
228410	228410
2759	228410
228410	228410
228410	228410
71421	228410
100226	100226
2037	100226
100226	100226
100226	100226
455632	100226
266834	100226
100226	100226
77643	100226
272631	100226
562	100226
1883	100226
559292	100226
1883	100226
1883	100226
100226	100226
426117	100226
1752	100226
176279	100226
543	100226
100226	100226
100226	100226
100226	100226
1883	100226
306	100226
272560	100226
100226	100226
100226	100226
100226	100226
100226	100226
100226	100226
100226	100226
100226	100226
55952	100226
100226	100226
1883	100226
224308	100226
224308	100226
9031	100226
246196	100226
100226	100226
100226	100226
100226	100226
100226	100226
186801	100226
100226	100226
100226	100226
668	100226
40324	100226
100226	100226
100226	100226
862751	100226
471853	100226
1889	100226
100226	100226
100226	100226
100226	100226
100226	100226
100226	100226
100226	100226
1889	100226
100226	100226
100226	100226
198628	100226
100226	100226
100226	100226
100226	100226
100226	100226
100226	100226
523849	100226
100226	100226
35621	100226
100226	100226
100226	100226
100226	100226
100226	100226
100226	100226
571	100226
100226	100226
100226	100226
100226	100226
1883	100226
391037	100226
100226	100226
272562	100226
1883	100226
131567	100226
100226	100226
83333	100226
100226	100226
1883	100226
77643	100226
100226	100226
100226	100226
100226	100226
100226	100226
100226	100226
83332	100226
1773	100226
1916	100226
100226	100226
272631	100226
2	100226
100226	100226
100226	100226
246196	100226
100226	100226
1422	100226
100226	100226
100226	100226
288705	100226
100226	100226
100226	100226
100226	100226
100226	100226
44689	100226
272558	100226
1883	100226
100226	100226
100226	100226
100226	100226
100226	100226
4096	100226
100226	100226
100226	100226
100226	100226
55952	100226
1916	100226
100226	100226
122277	100226
1883	100226
103798	100226
1763	100226
100226	100226
1962	100226
100226	100226
100226	100226
292	100226
100226	100226
100226	100226
100226	100226
1889	100226
100226	100226
100226	100226
100226	100226
100226	100226
100226	100226
100226	100226
54914	100226
100226	100226
292	100226
100226	100226
1883	100226
100226	100226
100226	100226
100226	100226
100226	100226
443255	100226
2021	100226
100226	100226
100226	100226
69014	100226
455632	100226
77643	100226
224308	100226
100226	100226
100226	100226
100226	100226
224308	100226
100226	100226
100226	100226
100226	100226
1883	100226
100226	100226
1763	100226
83334	100226
1883	100226
100226	100226
100226	100226
1890	100226
100226	100226
100226	100226
100226	100226
100226	100226
1422	100226
77643	100226
100226	100226
100226	100226
100226	100226
77643	100226
77643	100226
83333	100226
100226	100226
100226	100226
100226	100226
1950	100226
100226	100226
100226	100226
100226	100226
1883	100226
465515	100226
100226	100226
100226	100226
100226	100226
100226	100226
100226	100226
71421	100226
1883	100226
100226	100226
77643	100226
103690	100226
77643	100226
208964	100226
100226	100226
100226	100226
196162	100226
100226	100226
100226	100226
100226	100226
100226	100226
100226	100226
1914	100226
100226	100226
269800	100226
83333	100226
1883	100226
194439	100226
77643	100226
100226	100226
2037	100226
100226	100226
100226	100226
100226	100226
33899	100226
100226	100226
196627	100226
100226	100226
100226	100226
100226	100226
100226	100226
1763	100226
224308	100226
100226	100226
1906	100226
1962	100226
100226	100226
1883	100226
100226	100226
100226	100226
100226	100226
100226	100226
100226	100226
281090	100226
1883	100226
1883	100226
216594	100226
83333	100226
1916	100226
1883	100226
1883	100226
100226	100226
1890	100226
1883	100226
2	100226
100226	100226
1764	100226
272631	100226
100226	100226
100226	100226
100226	100226
77643	100226
100226	100226
100226	100226
1889	100226
1883	100226
100226	100226
100226	100226
100226	100226
100226	100226
100226	100226
77643	100226
100226	100226
10090	100226
1773	100226
100226	100226
100226	100226
100226	100226
1764	100226
100226	100226
100226	100226
100226	100226
2	100226
100226	100226
100226	100226
1883	100226
100226	100226
1883	100226
100226	100226
100226	100226
100226	100226
3702	100226
266265	100226
100226	100226
100226	100226
1944	100226
100226	100226
543	100226
100226	100226
224308	100226
100226	100226
100226	100226
1883	100226
77643	100226
100226	100226
100226	100226
100226	100226
100226	100226
1773	100226
100226	100226
31958	100226
100226	100226
77643	100226
100226	100226
100226	100226
1763	100226
100226	100226
1883	100226
100226	100226
629	100226
1883	100226
100226	100226
100226	100226
246196	100226
1889	100226
1773	100226
83332	100226
100226	100226
71421	100226
83333	100226
100226	100226
100226	100226
1883	100226
2037	100226
100226	100226
246194	100226
100226	100226
100226	100226
1883	100226
1883	100226
1883	100226
1437183	100226
247156	100226
100226	100226
1883	100226
69006	100226
71421	100226
100226	100226
1916	100226
100226	100226
100226	100226
100226	100226
100226	100226
1763	100226
77643	100226
562	100226
100226	100226
100226	100226
100226	100226
100226	100226
1883	100226
83333	100226
77643	100226
100226	100226
100226	100226
1911	100226
100226	100226
183190	100226
1773	100226
1889	100226
1773	100226
273063	100226
100226	100226
262316	100226
100226	100226
100226	100226
1916	100226
100226	100226
272631	100226
100226	100226
2	100226
1239	100226
341663	100226
1883	100226
100226	100226
100226	100226
44689	100226
246196	100226
100226	100226
100226	100226
1883	100226
83332	100226
100226	100226
100226	100226
1924	100226
85006	100226
100226	100226
1889	100226
85007	100226
186801	100226
100226	100226
100226	100226
100226	100226
100226	100226
1883	100226
100226	100226
543	100226
224308	100226
1889	100226
100226	100226
1883	100226
100226	100226
100226	100226
1760	100226
100226	100226
208964	100226
203907	203907
203907	203907
543	203907
632	203907
203907	203907
203907	203907
203907	203907
203907	203907
83333	203907
203907	203907
203907	203907
526222	203907
203907	203907
543	203907
203907	203907
203907	203907
203907	203907
203907	203907
203907	203907
208964	203907
198804	203907
203907	203907
203907	203907
203907	203907
203907	203907
291272	203907
83333	203907
543	203907
203907	203907
203907	203907
203907	203907
203907	203907
203907	203907
554	203907
203907	203907
203907	203907
203907	203907
543	203907
203907	203907
203907	203907
203907	203907
203907	203907
203907	203907
203907	203907
203907	203907
562	203907
203907	203907
543	203907
1236	203907
203907	203907
543	203907
203907	203907
203907	203907
584	203907
203907	203907
562	203907
203907	203907
203907	203907
203907	203907
203907	203907
203907	203907
203907	203907
203907	203907
203907	203907
203907	203907
203907	203907
203907	203907
203907	203907
203907	203907
83333	203907
83333	203907
203907	203907
203907	203907
203907	203907
1236	203907
224915	203907
203907	203907
543	203907
562	203907
562	203907
543	203907
203907	203907
203907	203907
572265	203907
122277	203907
203907	203907
203907	203907
203907	203907
203907	203907
291272	203907
203907	203907
203907	203907
562	203907
203907	203907
107806	203907
203907	203907
203907	203907
543	203907
543	203907
203907	203907
543	203907
243277	203907
203907	203907
203907	203907
198804	203907
203907	203907
1224	203907
83333	203907
203907	203907
203907	203907
203907	203907
203907	203907
203907	203907
203907	203907
198804	203907
203907	203907
203907	203907
203907	203907
543	203907
203907	203907
203907	203907
203907	203907
203907	203907
203907	203907
203907	203907
203907	203907
203907	203907
203907	203907
203907	203907
83333	203907
107806	203907
203907	203907
203907	203907
203907	203907
1162	264462
264462	264462
264462	264462
1239	264462
264462	264462
264462	264462
272631	264462
34	264462
264462	264462
264462	264462
264462	264462
264462	264462
171	264462
354	264462
271	264462
264462	264462
264462	264462
264462	264462
234267	264462
34	264462
672	264462
68336	264462
208964	264462
264462	264462
264462	264462
264462	264462
780	264462
264462	264462
264462	264462
264462	264462
264462	264462
264462	264462
264462	264462
1111708	264462
264462	264462
264462	264462
264462	264462
264462	264462
160488	264462
107806	264462
264462	264462
131567	264462
224308	264462
264462	264462
224308	264462
85007	264462
264462	264462
1111708	264462
243090	264462
234	264462
264462	264462
1224	264462
264462	264462
264462	264462
264462	264462
264462	264462
862908	264462
264462	264462
83333	264462
223283	264462
264462	264462
131567	264462
264462	264462
264462	264462
264462	264462
1930	264462
264462	264462
264462	264462
264462	264462
107806	264462
448385	264462
264462	264462
224308	264462
1437010	264462
1398	264462
1162	264462
264462	264462
224308	264462
224308	264462
173	264462
264462	264462
264462	264462
272944	264462
264462	264462
264462	264462
264462	264462
264462	264462
387092	264462
264462	264462
224308	264462
264462	264462
197221	264462
264462	264462
1236	264462
1314	264462
264462	264462
264462	264462
55529	264462
543	264462
264462	264462
224325	264462
264462	264462
264462	264462
264462	264462
264462	264462
543	264462
264462	264462
246196	264462
264462	264462
543	264462
264462	264462
264462	264462
174	264462
264462	264462
264462	264462
208964	264462
264462	264462
264462	264462
264462	264462
264462	264462
264462	264462
264462	264462
55529	264462
264462	264462
264462	264462
264462	264462
264462	264462
224325	264462
264462	264462
264462	264462
203119	264462
264462	264462
1028307	264462
264462	264462
32346	264462
264462	264462
196627	264462
264462	264462
34	264462
264462	264462
81397	264462
816	264462
264462	264462
122587	264462
264462	264462
264462	264462
264462	264462
264462	264462
264462	264462
1279	264462
264462	264462
287	264462
264462	264462
264462	264462
272623	264462
224308	264462
394	264462
279238	264462
384676	384676
562	384676
384676	384676
198628	384676
286	384676
384676	384676
562	384676
99287	384676
210007	384676
208964	384676
349521	384676
286	384676
286	384676
208964	384676
286	384676
384676	384676
208964	384676
107806	384676
384676	384676
286	384676
77643	384676
543	384676
303	384676
300852	384676
301	384676
160488	384676
286	384676
208964	384676
303	384676
384676	384676
384676	384676
160488	384676
543	384676
399739	384676
160488	384676
71421	384676
286	384676
208964	384676
272843	384676
303	384676
61235	384676
384676	384676
83333	384676
303	384676
303	384676
224308	384676
286	384676
384676	384676
286	384676
208964	384676
384676	384676
160488	384676
384676	384676
208964	384676
286	384676
224308	384676
286	384676
160488	384676
1236	384676
303	384676
99287	384676
303	384676
377629	384676
562	384676
160488	384676
384676	384676
187420	384676
208964	384676
83333	384676
384676	384676
294	384676
543	384676
384676	384676
286	384676
543	384676
286	384676
384676	384676
208964	384676
160488	384676
2	384676
168927	384676
379731	384676
384676	384676
294	384676
223283	384676
1111708	384676
286	384676
83333	384676
286	384676
208964	384676
83333	384676
303	384676
1236	384676
384676	384676
156889	384676
286	384676
83333	384676
83333	384676
208964	384676
286	384676
208964	384676
384676	384676
208964	384676
286	384676
562	384676
1224	384676
384676	384676
65	384676
183417	384676
543	384676
160488	384676
286	384676
286	384676
384676	384676
286	384676
286	384676
303	384676
286	384676
268808	384676
160488	384676
384676	384676
303	384676
286	384676
208964	384676
303	384676
72274	384676
351746	384676
83333	384676
208964	384676
208964	384676
354	384676
160488	384676
1236	384676
160488	384676
208964	384676
208964	384676
216595	384676
160488	384676
286	384676
543	384676
83333	384676
208964	384676
562	384676
384676	384676
384676	384676
208964	384676
224308	384676
303	384676
160488	384676
131567	384676
303	384676
208964	384676
303	384676
301	384676
286	384676
303	384676
431943	384676
303	384676
384676	384676
286	384676
384676	384676
286	384676
85962	384676
204722	384676
384676	384676
482	384676
470	384676
286	384676
286	384676
160488	384676
286	384676
160488	384676
286	384676
160488	384676
384676	384676
632	384676
384676	384676
160488	384676
543	384676
208964	384676
208964	384676
2	384676
72587	384676
384676	384676
83333	384676
384676	384676
83333	384676
243277	384676
354	384676
208964	384676
384676	384676
54914	384676
29442	384676
384676	384676
286	384676
384676	384676
77643	384676
160488	384676
384676	384676
384676	384676
71421	384676
208964	384676
286	384676
83333	384676
160488	384676
286	384676
384676	384676
208964	384676
160488	384676
384676	384676
160488	384676
303	384676
76869	384676
160488	384676
384676	384676
160488	384676
1236	384676
160488	384676
384676	384676
208964	384676
286	384676
384676	384676
543	384676
286	384676
381666	384676
381754	384676
286	384676
7227	384676
384676	384676
160488	384676
208964	384676
394	384676
384676	384676
208964	384676
208964	384676
266834	384676
303	384676
208964	384676
203122	384676
136849	384676
160488	384676
286	384676
286	384676
384676	384676
287	384676
384676	384676
208964	384676
83333	384676
286	384676
286	384676
83333	384676
303	384676
1236	384676
208964	384676
286	384676
384676	384676
83333	384676
160488	384676
160488	384676
384676	384676
286	384676
266834	384676
160488	384676
1437201	384676
208964	384676
286	384676
208964	384676
160488	384676
286	384676
83333	384676
543	384676
160488	384676
562	384676
384676	384676
384676	384676
303	384676
286	384676
160488	384676
160488	384676
286	384676
136843	384676
208964	384676
135621	384676
208964	384676
321	384676
384676	384676
286	384676
384676	384676
286	384676
303	384676
287	384676
384676	384676
384676	384676
384676	384676
208964	384676
208963	384676
384676	384676
160488	384676
77643	384676
286	384676
286	384676
303	384676
286	384676
384676	384676
204773	384676
135621	384676
384676	384676
303	384676
292415	384676
99287	384676
160488	384676
1385	384676
1236	384676
160488	384676
286	384676
208964	384676
384676	384676
384676	384676
543	384676
208964	384676
224915	384676
69006	384676
286	384676
303	384676
384676	384676
287	384676
354	384676
234	384676
208964	384676
208964	384676
208964	384676
227377	384676
543	384676
384676	384676
208964	384676
83558	384676
286	384676
160488	384676
543	384676
160488	384676
286	384676
160488	384676
208964	384676
71421	384676
208963	384676
83333	384676
384676	384676
287	384676
303	384676
243265	384676
768066	384676
286	384676
286	384676
83333	384676
208964	384676
1236	384676
384676	384676
83333	384676
286	384676
135621	384676
384676	384676
384676	384676
208964	384676
224308	384676
106590	384676
160488	384676
303	384676
3702	384676
323	384676
286	384676
286	384676
208964	384676
384676	384676
384676	384676
562	384676
160488	384676
160488	384676
160488	384676
384676	384676
384676	384676
160488	384676
136849	384676
286	384676
303	384676
286	384676
208964	384676
286	384676
83333	384676
384676	384676
384676	384676
9031	384676
71421	384676
543	384676
384676	384676
83333	384676
1111708	384676
160488	384676
160488	384676
83333	384676
208964	384676
208964	384676
316	384676
9	384676
160488	384676
286	384676
3702	384676
384676	384676
160488	384676
543	384676
135621	384676
135621	384676
303	384676
160488	384676
224308	384676
384676	384676
286	384676
286	384676
98360	384676
1224	384676
321	384676
83333	384676
562	384676
208964	384676
384676	384676
384676	384676
160488	384676
1971	384676
208964	384676
303	384676
384676	384676
227321	393595
71421	393595
393595	393595
71421	393595
543	393595
703	393595
393595	393595
1236	393595
393595	393595
543	393595
571	393595
393595	393595
393595	393595
393595	393595
393595	393595
393595	393595
71421	393595
393595	393595
62977	393595
393595	393595
83333	393595
290398	393595
393595	393595
393595	393595
100226	393595
287	393595
1422	393595
308872	393595
393595	393595
211586	393595
1236	393595
420662	393595
393595	393595
393595	393595
393595	393595
393595	393595
1239	393595
323261	393595
208964	393595
326442	393595
223283	393595
393595	393595
224915	393595
393595	393595
1236	393595
393595	393595
301	393595
393595	393595
393595	393595
272562	393595
100226	393595
393595	393595
393595	393595
393595	393595
243277	393595
1236	393595
393595	393595
71421	393595
286	393595
9606	393595
2	393595
2	393595
1224	393595
393595	393595
208963	393595
351348	393595
393595	393595
810	393595
100226	393595
357804	393595
1184	393595
393595	393595
83333	393595
301	393595
471	393595
314225	393595
393595	393595
543	393595
286	393595
393595	393595
224308	393595
354	393595
83333	393595
99287	393595
303	393595
393595	393595
2	393595
283942	393595
1224	393595
393595	393595
393595	393595
1236	393595
543	393595
393595	393595
393595	393595
380703	393595
227377	393595
393595	393595
71421	393595
354	393595
393595	393595
349124	393595
1224	393595
393595	393595
323261	393595
1224	393595
393595	393595
393595	393595
393595	393595
83333	393595
543	393595
393595	393595
393595	393595
393595	393595
266834	393595
208964	393595
566	393595
393595	393595
393595	393595
1224	393595
703	393595
632	393595
393595	393595
393595	393595
1236	393595
83333	393595
83558	393595
3702	393595
286	393595
286	393595
54914	393595
71421	393595
272843	393595
393595	393595
393595	393595
393595	393595
83333	393595
208964	393595
393595	393595
393595	393595
393595	393595
393595	393595
393595	393595
393595	393595
83333	393595
393595	393595
393595	393595
316	393595
62977	393595
1224	393595
393595	393595
266	393595
160488	393595
303	393595
393595	393595
393595	393595
136849	393595
224308	393595
669	393595
243277	393595
393595	393595
393595	393595
543	393595
393595	393595
727	393595
208964	393595
393595	393595
316	393595
393595	393595
183417	393595
393595	393595
1111708	393595
393595	393595
393595	393595
393595	393595
224308	393595
393595	393595
2	393595
77643	393595
1236	393595
74109	393595
208964	393595
77643	393595
393595	393595
573	393595
487	393595
225849	393595
393595	393595
99287	393595
393595	393595
224308	393595
393595	393595
1236	393595
1236	393595
393595	393595
303	393595
482	393595
393595	393595
393595	393595
272843	393595
1236	393595
393595	393595
393595	393595
393595	393595
208964	393595
393595	393595
393595	393595
83333	393595
393595	393595
393595	393595
393595	393595
393595	393595
543	393595
285	393595
419665	393595
1236	393595
393595	393595
393595	393595
393595	393595
71421	393595
393595	393595
80840	393595
83333	393595
393595	393595
393595	393595
8364	393595
393595	393595
543	393595
208964	393595
208964	393595
83333	393595
393595	393595
1437183	393595
243161	393595
208964	393595
393595	393595
393595	393595
393595	393595
1236	393595
224911	393595
393595	393595
208964	393595
393595	393595
393595	393595
393595	393595
543	393595
393595	393595
208964	393595
62977	393595
5044	393595
543	393595
393595	393595
393595	393595
393595	393595
135621	393595
303	393595
393595	393595
71421	393595
393595	393595
208964	393595
233412	393595
543	393595
543	393595
90370	393595
393595	393595
393595	393595
1236	393595
393595	393595
208964	393595
208964	393595
286	393595
642	393595
272622	272622
224308	272622
272623	272622
1358	272622
416870	272622
1359	272622
416870	272622
1359	272622
1358	272622
272623	272622
224308	272622
170187	272622
1582	272622
1358	272622
1359	272622
272623	272622
272623	272622
272623	272622
1358	272622
39947	272622
1358	272622
131567	272622
1359	272622
1358	272622
272623	272622
224308	272622
272623	272622
1359	272622
272623	272622
272623	272622
1358	272622
272623	272622
585054	272622
210007	272622
272622	272622
224308	272622
1358	272622
416870	272622
1359	272622
1358	272622
1587	272622
1358	272622
272623	272622
1358	272622
1358	272622
2	272622
272623	272622
272622	272622
1359	272622
272623	272622
272622	272622
379501	272622
1358	272622
2759	272622
272622	272622
224308	272622
416870	272622
1359	272622
224308	272622
416870	272622
272623	272622
272623	272622
1358	272622
1358	272622
170187	272622
272622	272622
224308	272622
1359	272622
1358	272622
224308	272622
1358	272622
272622	272622
46170	272622
1359	272622
416870	272622
1359	272622
272623	272622
416870	272622
272622	272622
272622	272622
1523	272622
186497	272622
1359	272622
1359	272622
1359	272622
1359	272622
83333	272622
1358	272622
272623	272622
272623	272622
1359	272622
1313	272622
272623	272622
224308	272622
1358	272622
1358	272622
272623	272622
224308	272622
272623	272622
1358	272622
272623	272622
416870	272622
416870	272622
1358	272622
1359	272622
1358	272622
272623	272622
1282	272622
416870	272622
420246	272622
1359	272622
562	272622
1359	272622
1358	272622
71421	272622
272623	272622
198466	272622
1358	272622
243230	272622
1358	272622
91061	272622
1359	272622
272622	272622
1358	272622
272622	272622
272562	272622
272623	272622
1358	272622
272622	272622
272623	272622
272623	272622
1358	272622
272623	272622
272623	272622
71421	272622
1359	272622
1358	272622
272623	272622
1359	272622
272622	272622
272623	272622
1358	272622
272623	272622
1358	272622
1358	272622
272623	272622
37734	272622
272623	272622
272622	272622
272623	272622
272623	272622
1359	272622
1359	272622
1358	272622
272623	272622
1359	272622
272623	272622
272622	272622
170187	272622
224308	272622
416870	272622
416870	272622
1358	272622
272623	272622
416870	272622
272623	272622
1358	272622
272623	272622
1358	272622
272623	272622
1155766	272622
272623	272622
1358	272622
1359	272622
1358	272622
272623	272622
1359	272622
224308	272622
573	272622
1300	272622
1358	272622
272623	272622
1359	272622
1358	272622
272623	272622
1578	272622
1359	272622
1359	272622
1300	272622
309800	272622
272623	272622
1359	272622
272622	272622
243230	272622
224308	272622
1358	272622
224308	272622
1358	272622
416870	272622
77643	272622
272623	272622
224308	272622
272622	272622
272622	272622
224308	272622
1358	272622
1358	272622
272622	272622
543	272622
1359	272622
272623	272622
1359	272622
272623	272622
224308	272622
272622	272622
1358	272622
1359	272622
1358	272622
272623	272622
1359	272622
272623	272622
562	272622
562	272622
1359	272622
224308	272622
1301	272622
1359	272622
272623	272622
119602	272622
1360	272622
272622	272622
272623	272622
272623	272622
543	272622
1358	272622
272623	272622
416870	272622
186826	272622
272622	272622
272623	272622
1358	272622
272623	272622
1359	272622
272622	272622
1359	272622
1358	272622
1359	272622
379501	272622
272623	272622
272622	272622
226185	272622
272623	272622
272623	272622
1359	272622
1359	272622
1358	272622
1359	272622
1300	272622
529507	272622
416870	272622
1358	272622
272622	272622
224308	272622
272623	272622
416870	272622
224308	272622
1111708	272622
1359	272622
1358	272622
272622	272622
1358	272622
1358	272622
1359	272622
272623	272622
272623	272622
224308	272622
1359	272622
1358	272622
1358	272622
1358	272622
197	354242
194	354242
1111708	354242
32022	354242
197	354242
197	354242
32022	354242
272562	354242
204722	354242
197	354242
197	354242
354242	354242
197	354242
197	354242
197	354242
32022	354242
197	354242
407148	354242
197	354242
197	354242
32022	354242
192222	354242
197	354242
197	354242
192222	354242
354242	354242
354242	354242
192222	354242
360109	354242
196164	354242
227882	354242
210	354242
197	354242
223283	354242
197	354242
192222	354242
210	354242
273121	354242
194	354242
354242	354242
160488	354242
197	354242
197	354242
197	354242
197	354242
197	354242
192222	354242
197	354242
197	354242
194	354242
32022	354242
192222	354242
197	354242
192222	354242
197	354242
44689	354242
32022	354242
192222	354242
190304	354242
197	354242
197	354242
192222	354242
197	354242
192222	354242
1239	354242
197	354242
192222	354242
192222	354242
543	354242
197	354242
197	354242
85962	354242
197	354242
195099	354242
32022	354242
209	354242
85962	354242
197	354242
194	354242
71421	354242
1279	354242
192222	354242
360109	354242
32022	354242
192222	354242
192222	354242
1236	354242
197	354242
543	354242
32022	354242
197	354242
194	354242
197	354242
83333	354242
1140	354242
354242	354242
85962	354242
197	354242
195099	354242
192222	354242
197	354242
273121	354242
224308	354242
210	354242
194	354242
224308	354242
192222	354242
210	354242
192222	354242
354242	354242
32022	354242
354242	354242
197	354242
197	354242
197	354242
197	354242
85962	354242
197	354242
192222	354242
197	354242
192222	354242
354242	354242
197	354242
197	354242
224308	354242
197	354242
197	354242
197	354242
197	354242
360109	354242
197	354242
195099	354242
197	354242
32022	354242
197	354242
354242	354242
224308	354242
210	354242
197	354242
85962	354242
192222	354242
210	354242
197	354242
543	354242
197	354242
192222	354242
197	354242
210	354242
197	354242
195099	354242
197	354242
197	354242
29547	354242
192222	354242
197	354242
192222	354242
197	354242
197	354242
32022	354242
354242	354242
197	354242
32022	354242
192222	354242
197	354242
194	354242
354242	354242
197	354242
194	354242
194	354242
77643	354242
224308	354242
192222	354242
32022	354242
210	354242
197	354242
354242	354242
354242	354242
192222	354242
197	354242
192222	354242
32022	354242
192222	354242
9604	354242
197	354242
197	354242
32022	354242
243232	368407
368407	368407
368407	368407
368407	368407
188937	368407
368407	368407
368407	368407
70601	368407
224325	368407
2	368407
243232	368407
1111708	368407
456442	368407
561	368407
406327	368407
243232	368407
368407	368407
243232	368407
368407	368407
368407	368407
340102	368407
368407	368407
368407	368407
243232	368407
224325	368407
543	368407
273068	368407
2184	368407
303	368407
368407	368407
224325	368407
368407	368407
368407	368407
368407	368407
368407	368407
224325	368407
267377	368407
323259	368407
368407	368407
243274	368407
243232	368407
335543	368407
368407	368407
323259	368407
368407	368407
368407	368407
1110509	368407
368407	368407
1111708	368407
224325	368407
192	368407
368407	368407
368407	368407
190192	368407
368407	368407
2223	368407
410359	368407
368407	368407
368407	368407
323259	368407
243232	368407
243232	368407
368407	368407
2242	368407
243232	368407
32008	368407
368407	368407
368407	368407
224325	368407
77643	368407
368407	368407
368407	368407
2182	368407
368407	368407
83333	368407
273068	368407
368407	368407
2180	368407
523849	368407
3702	368407
1198451	368407
243232	368407
410358	368407
368407	368407
224325	368407
131567	368407
2	368407
368407	368407
368407	368407
368407	368407
368407	368407
368407	368407
273119	368407
243232	368407
399739	368407
456442	368407
368407	368407
243232	368407
368407	368407
1314	368407
368407	368407
523849	368407
269797	368407
243232	368407
368407	368407
243232	368407
368407	368407
188937	368407
224325	368407
370438	368407
368407	368407
224324	368407
368407	368407
368407	368407
224324	368407
521011	368407
64091	368407
368407	368407
368407	368407
393595	368407
368407	368407
243232	368407
243232	368407
2	368407
186497	368407
28890	368407
224325	368407
368407	368407
368407	368407
243232	368407
243232	368407
267377	368407
368407	368407
368407	368407
243232	368407
368407	368407
273057	368407
1280	368407
2180	368407
523849	368407
243232	368407
456442	368407
368407	368407
2236	368407
187420	368407
1386	368407
368407	368407
368407	368407
368407	368407
243232	368407
243233	368407
224308	368407
368407	368407
368407	368407
243232	368407
368407	368407
188937	368407
368407	368407
192952	368407
368407	368407
208964	381754
381754	381754
287	381754
303	381754
381754	381754
208964	381754
34	381754
208964	381754
208964	381754
119060	381754
287	381754
623	381754
208964	381754
59201	381754
381754	381754
208964	381754
287	381754
208964	381754
208964	381754
287	381754
208964	381754
345073	381754
1224	381754
286	381754
287	381754
381754	381754
208964	381754
208964	381754
208964	381754
83333	381754
208964	381754
106590	381754
630	381754
208964	381754
32043	381754
381754	381754
208964	381754
208963	381754
287	381754
71421	381754
381754	381754
208964	381754
208964	381754
208964	381754
266834	381754
9	381754
287	381754
208964	381754
381754	381754
160488	381754
543	381754
208964	381754
83333	381754
83333	381754
381754	381754
381754	381754
39947	381754
286	381754
208964	381754
287	381754
208964	381754
346	381754
379731	381754
208964	381754
3702	381754
303	381754
287	381754
208964	381754
286	381754
208964	381754
10116	381754
22	381754
286	381754
83333	381754
381754	381754
287	381754
224308	381754
381754	381754
287	381754
281	381754
381754	381754
208964	381754
287	381754
208964	381754
562	381754
208964	381754
287	381754
208964	381754
208964	381754
83333	381754
287	381754
208964	381754
208964	381754
1236	381754
208964	381754
208964	381754
243232	381754
381754	381754
301	381754
381754	381754
354	381754
381754	381754
208964	381754
208964	381754
208964	381754
287	381754
287	381754
340	381754
83558	381754
99287	381754
208964	381754
287	381754
208964	381754
208964	381754
381754	381754
381754	381754
356	381754
135621	381754
208964	381754
287	381754
208964	381754
1763	381754
208964	381754
208964	381754
208964	381754
208964	381754
135621	381754
208964	381754
287	381754
381754	381754
287	381754
543	381754
208964	381754
208964	381754
543	381754
1236	381754
54914	381754
355	381754
208964	381754
208964	381754
83333	381754
83333	381754
208964	381754
83333	381754
208964	381754
287	381754
287	381754
208964	381754
287	381754
562	381754
208964	381754
287	381754
208964	381754
208964	381754
135621	381754
208964	381754
208964	381754
208964	381754
208964	381754
208964	381754
287	381754
208964	381754
287	381754
208964	381754
287	381754
208964	381754
208964	381754
208964	381754
208964	381754
208964	381754
1301098	381754
287	381754
562	381754
208964	381754
204722	381754
287	381754
136841	381754
208964	381754
287	381754
208964	381754
287	381754
208963	381754
10871	381754
211586	381754
381754	381754
287	381754
269796	381754
381754	381754
381754	381754
381754	381754
543	381754
208964	381754
381754	381754
208964	381754
381754	381754
287	381754
83333	381754
287	381754
208964	381754
287	381754
83333	381754
287	381754
208964	381754
208964	381754
287	381754
287	381754
287	381754
208964	381754
208964	381754
381754	381754
205922	381754
208964	381754
208964	381754
208964	381754
243277	381754
381754	381754
354	381754
208964	381754
287	381754
287	381754
208964	381754
2	381754
208964	381754
287	381754
208964	381754
90370	381754
83333	381754
208964	381754
208964	381754
208964	381754
543	381754
287	381754
208964	381754
381754	381754
71421	381754
287	381754
208964	381754
208964	381754
666	381754
208964	381754
557722	381754
71421	381754
208964	381754
287	381754
208964	381754
208964	381754
208964	381754
381754	381754
208964	381754
287	381754
208964	381754
208964	381754
62977	381754
208964	381754
286	381754
381754	381754
287	381754
543	381754
303	381754
381754	381754
381754	381754
381754	381754
208964	381754
208964	381754
83333	381754
287	381754
287	381754
208964	381754
381754	381754
381666	381754
287	381754
208964	381754
208964	381754
286	381754
208964	381754
287	381754
208964	381754
266264	381754
287	381754
543	381754
381754	381754
208964	381754
562	381754
83333	381754
208964	381754
287	381754
208964	381754
62977	381754
286	381754
287	381754
208964	381754
208964	381754
71421	381754
287	381754
287	381754
106590	381754
83333	381754
287	381754
381754	381754
208964	381754
208964	381754
287	381754
543	381754
208964	381754
2037	381754
317	381754
208964	381754
381754	381754
381754	381754
208964	381754
208964	381754
272942	381754
287	381754
208964	381754
287	381754
379731	381754
562	381754
287	381754
208964	381754
355	381754
224308	381754
286	381754
208964	381754
208964	381754
354	381754
562	381754
223926	381754
286	381754
208964	381754
562	381754
287	381754
160492	381754
208964	381754
208964	381754
1716	381754
208964	381754
287	381754
208964	381754
83333	381754
543	381754
287	381754
287	381754
135621	381754
287	381754
381754	381754
286	381754
1773	381754
287	381754
208964	381754
208964	381754
543	381754
136841	381754
136843	381754
287	381754
208964	381754
62977	381754
208964	381754
208964	381754
208964	381754
208964	381754
287	381754
287	381754
1236	381754
543	381754
340	381754
565050	381754
287	381754
208964	381754
208964	381754
287	381754
208964	381754
208964	381754
71421	381754
208964	381754
562	381754
208964	381754
287	381754
381754	381754
54914	381754
287	381754
208964	381754
318167	381754
224308	381754
208964	381754
100226	381754
83333	381754
287	381754
287	381754
286	381754
208964	381754
208964	381754
208964	381754
208964	381754
287	381754
381754	381754
208964	381754
208964	381754
287	381754
83333	381754
380703	381754
381754	381754
208964	381754
208964	381754
287	381754
1289570	381754
543	381754
208964	381754
208964	381754
208964	381754
381754	381754
287	381754
208964	381754
208964	381754
135621	381754
208964	381754
287	381754
208964	381754
2	381754
208964	381754
287	381754
208964	381754
641	381754
543	381754
287	381754
208964	381754
83333	381754
286	381754
562	381754
208964	381754
287	381754
208964	381754
287	381754
208964	381754
294	381754
286	381754
381754	381754
666	381754
381754	381754
131567	381754
303	381754
208964	381754
243161	381754
294	381754
562	381754
308872	381754
208964	381754
208964	381754
287	381754
83333	381754
287	381754
381754	381754
287	381754
208964	381754
287	381754
208964	381754
284812	381754
224308	381754
406818	381754
287	381754
208964	381754
381754	381754
562	381754
1717	381754
208964	381754
286	381754
246196	381754
381754	381754
562	381754
543	381754
83333	381754
208964	381754
562	381754
86003	381754
83333	381754
208964	381754
286	381754
54914	381754
208964	381754
381754	381754
381754	381754
83333	381754
287	381754
287	381754
246196	381754
381754	381754
381754	381754
83333	381754
287	381754
2	381754
208964	381754
287	381754
208964	381754
208964	381754
208964	381754
83333	381754
208964	381754
208964	381754
205922	381754
208964	381754
83333	381754
208964	381754
381754	381754
287	381754
10871	381754
287	381754
287	381754
381754	381754
208964	381754
381754	381754
287	381754
208964	381754
208964	381754
83333	381754
316	381754
381754	381754
243265	381754
562	381754
208964	381754
83333	381754
287	381754
543	381754
1140	381754
77643	381754
381754	381754
208964	381754
208964	381754
80840	381754
208964	381754
208964	381754
208964	381754
543	381754
208964	381754
208964	381754
287	381754
208964	381754
543	381754
2	381754
562	381754
381754	381754
208964	381754
208964	381754
208964	381754
381754	381754
768066	381754
562	381754
208964	381754
208964	381754
208964	381754
208964	381754
303	381754
208964	381754
286	381754
286	381754
208964	381754
208964	381754
208964	381754
381754	381754
543	381754
287	381754
381754	381754
39947	381754
83333	381754
381754	381754
287	381754
287	381754
287	381754
287	381754
1236	381754
208964	381754
381754	381754
381754	381754
571	381754
208964	381754
208964	381754
208964	381754
381754	381754
208964	381754
208964	381754
208964	381754
208964	381754
208963	381754
208964	381754
176299	176299
176299	176299
176299	176299
266834	176299
176299	176299
83333	176299
176299	176299
176299	176299
1282	176299
176299	176299
1183400	176299
176299	176299
83333	176299
176299	176299
176299	176299
227290	176299
176299	176299
176299	176299
176299	176299
176299	176299
176299	176299
266834	176299
176299	176299
176299	176299
176299	176299
266834	176299
176299	176299
1437010	176299
227377	176299
176299	176299
83333	176299
176299	176299
176299	176299
176299	176299
176299	176299
266834	176299
176299	176299
176299	176299
13690	176299
176299	176299
266834	176299
358	176299
287	176299
190650	176299
243274	176299
224325	176299
266834	176299
176299	176299
176299	176299
176299	176299
1183400	176299
176299	176299
176299	176299
176299	176299
176299	176299
176299	176299
176299	176299
176299	176299
224911	176299
176280	176299
176299	176299
716545	176299
176299	176299
266834	176299
176299	176299
1773	176299
227290	176299
176299	176299
176299	176299
266834	176299
82115	176299
224914	176299
176299	176299
176299	176299
176299	176299
176299	176299
28211	176299
82115	176299
176299	176299
176299	176299
176299	176299
356	176299
342451	176299
176299	176299
41294	176299
266834	176299
176299	176299
176299	176299
266834	176299
780	176299
176299	176299
41295	176299
266834	176299
44689	176299
176300	176299
208964	176299
176299	176299
216596	176299
266834	176299
543	176299
176299	176299
2	176299
176299	176299
176299	176299
176299	176299
82115	176299
85963	176299
176299	176299
176299	176299
176299	176299
176299	176299
176299	176299
176299	176299
266834	176299
83333	176299
176299	176299
176299	176299
176299	176299
176299	176299
83332	176299
358	176299
176299	176299
176299	176299
559292	176299
2	176299
1183400	176299
176299	176299
438753	176299
3197	176299
565050	176299
356	176299
176299	176299
176299	176299
176299	176299
176299	176299
176299	176299
71421	176299
373	176299
176299	176299
176299	176299
82115	176299
176299	176299
1079	176299
176299	176299
176299	176299
176299	176299
176299	176299
176299	176299
176299	176299
176299	176299
176299	176299
176299	176299
394	176299
176299	176299
266834	176299
439375	176299
176299	176299
176299	176299
266834	176299
176299	176299
234	176299
176299	176299
176299	176299
266834	176299
176299	176299
176299	176299
176299	176299
176299	176299
176299	176299
176299	176299
1183400	176299
176299	176299
399739	176299
190650	176299
176299	176299
176299	176299
176299	176299
176299	176299
176299	176299
176299	176299
176299	176299
176299	176299
266834	176299
234	176299
176299	176299
266834	176299
176299	176299
224308	176299
176299	176299
176299	176299
131567	176299
176299	176299
176299	176299
176299	176299
176299	176299
223926	176299
176299	176299
176299	176299
266834	176299
1183400	176299
176299	176299
176299	176299
176299	176299
176299	176299
272943	176299
176299	176299
176299	176299
176299	176299
176299	176299
82115	176299
176299	176299
176299	176299
266834	176299
176299	176299
266834	176299
216596	176299
358	176299
82115	176299
176299	176299
176299	176299
176299	176299
176299	176299
204722	176299
266834	176299
83333	316385
543	316385
543	316385
562	316385
83333	316385
543	316385
543	316385
83333	316385
543	316385
83333	316385
83333	316385
543	316385
543	316385
543	316385
83333	316385
83333	316385
543	316385
562	316385
543	316385
543	316385
562	316385
562	316385
543	316385
543	316385
83333	316385
10713	316385
83333	316385
83333	316385
543	316385
562	316385
83333	316385
543	316385
83333	316385
562	316385
543	316385
83333	316385
83333	316385
83333	316385
83333	316385
543	316385
83333	316385
300267	316385
83333	316385
543	316385
543	316385
562	316385
543	316385
562	316385
562	316385
83333	316385
562	316385
562	316385
543	316385
562	316385
83333	316385
83333	316385
83333	316385
543	316385
83333	316385
83333	316385
83333	316385
83333	316385
562	316385
562	316385
543	316385
83333	316385
83333	316385
543	316385
562	316385
562	316385
543	316385
83333	316385
543	316385
543	316385
83333	316385
83333	316385
543	316385
83333	316385
543	316385
543	316385
543	316385
543	316385
543	316385
83333	316385
83333	316385
83333	316385
83333	316385
562	316385
83333	316385
543	316385
83333	316385
83333	316385
83333	316385
562	316385
83333	316385
83333	316385
543	316385
543	316385
83333	316385
543	316385
543	316385
83333	316385
83333	316385
83333	316385
83333	316385
543	316385
562	316385
543	316385
543	316385
543	316385
543	316385
562	316385
543	316385
562	316385
83333	316385
10713	316385
83333	316385
83333	316385
83333	316385
83333	316385
543	316385
10710	316385
83333	316385
562	316385
562	316385
83333	316385
83333	316385
83333	316385
562	316385
83333	316385
562	316385
83333	316385
543	316385
562	316385
83333	316385
83333	316385
543	316385
83333	316385
543	316385
83333	316385
562	316385
83333	316385
83333	316385
83333	316385
83333	316385
83333	316385
83333	316385
562	316385
83333	316385
543	316385
83333	316385
83333	316385
83333	316385
83333	316385
83333	316385
83333	316385
83333	316385
83333	316385
543	316385
83333	316385
83333	316385
543	316385
300268	316385
83333	316385
83333	316385
562	316385
83333	316385
99287	316385
83333	316385
83333	316385
83333	316385
543	316385
83333	316385
83333	316385
562	316385
83333	316385
83333	316385
83333	316385
562	316385
562	316385
543	316385
543	316385
562	316385
543	316385
83333	316385
562	316385
543	316385
83333	316385
543	316385
83333	316385
83333	316385
562	316385
83333	316385
83333	316385
562	316385
83333	316385
83333	316385
543	316385
83333	316385
83333	316385
562	316385
543	316385
83333	316385
83333	316385
83333	316385
83333	316385
83333	316385
543	316385
543	316385
83333	316385
83333	316385
83333	316385
543	316385
543	316385
562	316385
28901	316385
543	316385
83333	316385
83333	316385
83333	316385
83333	316385
543	316385
83333	316385
83333	316385
543	316385
83333	316385
562	316385
543	316385
543	316385
543	316385
83333	316385
83333	316385
562	316385
29438	316385
83333	316385
83333	316385
83333	316385
543	316385
562	316385
83333	316385
562	316385
543	316385
83333	316385
83333	316385
83333	316385
562	316385
83333	316385
83333	316385
83333	316385
543	316385
543	316385
543	316385
83334	316385
543	316385
83333	316385
562	316385
543	316385
83333	316385
83333	316385
543	316385
83333	316385
83333	316385
83333	316385
83333	316385
543	316385
562	316385
83333	316385
543	316385
83333	316385
562	316385
543	316385
83333	316385
543	316385
83333	316385
83333	316385
83333	316385
83333	316385
300268	316385
562	316385
83333	316385
83333	316385
543	316385
83333	316385
83333	316385
83333	316385
562	316385
1	316385
83333	316385
83333	316385
399741	316385
83333	316385
543	316385
562	316385
562	316385
83333	316385
10710	316385
543	316385
83333	316385
562	316385
543	316385
83333	316385
543	316385
562	316385
562	316385
83333	316385
83333	316385
83333	316385
562	316385
83333	316385
83333	316385
405955	316385
83333	316385
83333	316385
543	316385
83333	316385
543	316385
83333	316385
562	316385
562	316385
83333	316385
543	316385
562	316385
83333	316385
543	316385
562	316385
543	316385
573	316385
83333	316385
83333	316385
562	316385
562	316385
83333	316385
562	316385
83333	316385
83333	316385
83333	316385
543	316385
83333	316385
562	316385
543	316385
83333	316385
543	316385
543	316385
83333	316385
83333	316385
543	316385
562	316385
83333	316385
83333	316385
543	316385
83333	316385
83333	316385
83333	316385
83333	316385
83333	316385
83333	316385
543	316385
83333	316385
543	316385
543	316385
543	316385
543	316385
543	316385
562	316385
83333	316385
543	316385
543	316385
83333	316385
543	316385
83333	316385
543	316385
83333	316385
543	316385
543	316385
543	316385
83333	316385
1	316385
562	316385
83333	316385
543	316385
543	316385
543	316385
83333	316385
543	316385
543	316385
316385	316385
543	316385
562	316385
83333	316385
543	316385
1236	316385
83333	316385
543	316385
83334	316385
543	316385
543	316385
83333	316385
543	316385
83333	316385
543	316385
543	316385
543	316385
543	316385
83333	316385
83333	316385
543	316385
543	316385
562	316385
83333	316385
83333	316385
543	316385
543	316385
562	316385
543	316385
290338	316385
83333	316385
543	316385
83333	316385
83333	316385
83333	316385
83333	316385
83333	316385
83333	316385
331111	316385
83333	316385
83333	316385
83333	316385
83333	316385
83333	316385
83333	316385
83333	316385
543	316385
83333	316385
83333	316385
543	316385
543	316385
83333	316385
300268	316385
83333	316385
83333	316385
83333	316385
83333	316385
83333	316385
83333	316385
83333	316385
543	316385
543	316385
543	316385
83333	316385
543	316385
83333	316385
562	316385
83333	316385
562	316385
83333	316385
562	316385
83333	316385
543	316385
562	316385
83333	316385
543	316385
83333	316385
83333	316385
83333	316385
543	316385
562	316385
543	316385
543	316385
83333	316385
83333	316385
562	316385
1236	316385
543	316385
83333	316385
83333	316385
83333	316385
562	316385
543	316385
83333	316385
90370	316385
83333	316385
562	316385
562	316385
83333	316385
562	316385
543	316385
562	316385
83333	316385
543	316385
543	316385
83333	316385
83333	316385
83333	316385
562	316385
543	316385
83333	316385
83333	316385
543	316385
83333	316385
83333	316385
562	316385
83333	316385
543	316385
83333	316385
83333	316385
83333	316385
543	316385
83333	316385
83333	316385
83333	316385
83333	316385
83333	316385
83333	316385
83333	316385
83333	316385
83333	316385
543	316385
543	316385
83333	316385
83333	316385
83333	316385
83333	316385
83333	316385
83333	316385
83333	316385
83333	316385
562	316385
83333	316385
83333	316385
562	316385
83333	316385
562	316385
83333	316385
83333	316385
83333	316385
562	316385
562	316385
83333	316385
83333	316385
300269	316385
83333	316385
83333	316385
83333	316385
83333	316385
543	316385
83333	316385
562	316385
543	316385
83333	316385
543	316385
199310	316385
562	316385
543	316385
543	316385
543	316385
543	316385
543	316385
83333	316385
83333	316385
543	316385
543	316385
562	316385
562	316385
83333	316385
83333	316385
83333	316385
562	316385
83333	316385
543	316385
543	316385
83333	316385
543	316385
543	316385
562	316385
83333	316385
543	316385
562	316385
83333	316385
83333	316385
562	316385
83333	316385
83333	316385
83333	316385
562	316385
543	316385
83333	316385
83333	316385
83333	316385
83333	316385
543	316385
562	316385
83333	316385
543	316385
83333	316385
83333	316385
83333	316385
543	316385
83333	316385
562	316385
83333	316385
83333	316385
83333	316385
562	316385
83333	316385
83333	316385
83333	316385
543	316385
562	316385
83333	316385
83333	316385
83333	316385
543	316385
543	316385
83333	316385
1236	316385
543	316385
543	316385
83333	316385
562	316385
83333	316385
543	316385
543	316385
562	316385
83333	316385
543	316385
83333	316385
83333	316385
83333	316385
543	316385
83333	316385
83333	316385
562	316385
83333	316385
543	316385
83333	316385
83333	316385
83333	316385
83333	316385
83333	316385
543	316385
83333	316385
562	316385
543	316385
83333	316385
83333	316385
543	316385
543	316385
543	316385
83333	316385
83333	316385
83333	316385
562	316385
83333	316385
1	316385
543	316385
83333	316385
83333	316385
543	316385
83333	316385
543	316385
83333	316385
83333	316385
83333	316385
83333	316385
83333	316385
543	316385
83333	316385
543	316385
543	316385
83333	316385
83333	316385
562	316385
543	316385
83333	316385
543	316385
562	316385
83333	316385
543	316385
83333	316385
543	316385
543	316385
543	316385
562	316385
83333	316385
543	316385
543	316385
1236	316385
543	316385
83333	316385
562	316385
83333	316385
543	316385
83333	316385
562	316385
83333	316385
83333	316385
562	316385
83333	316385
543	316385
543	316385
562	316385
543	316385
83333	316385
83333	316385
543	316385
83333	316385
83333	316385
83333	316385
83333	316385
562	316385
83333	316385
83333	316385
543	316385
543	316385
83333	316385
83333	316385
1236	316385
83333	316385
543	316385
83333	316385
83333	316385
562	316385
543	316385
543	316385
83333	316385
562	316385
662	316385
543	316385
10713	316385
83333	316385
543	316385
83333	316385
83333	316385
562	316385
83333	316385
83333	316385
83333	316385
543	316385
543	316385
562	316385
83333	316385
83333	316385
562	316385
83333	316385
562	316385
83333	316385
543	316385
83333	316385
83333	316385
562	316385
83333	316385
83333	316385
83333	316385
83333	316385
83333	316385
83333	316385
83333	316385
29494	316385
543	316385
83333	316385
83333	316385
562	316385
543	316385
562	316385
543	316385
543	316385
83333	316385
562	316385
83333	316385
562	316385
83333	316385
83333	316385
83333	316385
562	316385
543	316385
83333	316385
543	316385
83333	316385
83333	316385
83333	316385
543	316385
83333	316385
562	316385
83333	316385
543	316385
83333	316385
83333	316385
543	316385
83333	316385
543	316385
562	316385
83333	316385
83333	316385
562	316385
83333	316385
621	316385
543	316385
83333	316385
83333	316385
543	316385
543	316385
83333	316385
83333	316385
83333	316385
543	316385
562	316385
562	316385
83333	316385
83333	316385
543	316385
543	316385
543	316385
83333	316385
543	316385
543	316385
83333	316385
562	316385
83333	316385
83333	316385
83333	316385
543	316385
83333	316385
83333	316385
83333	316385
83333	316385
83333	316385
83333	316385
543	316385
83333	316385
83333	316385
543	316385
543	316385
83333	316385
83333	316385
83333	316385
562	316385
83333	316385
59201	316385
543	316385
83333	316385
543	316385
83333	316385
83333	316385
543	316385
83333	316385
83333	316385
543	316385
83333	316385
83333	316385
83333	316385
543	316385
562	316385
439855	316385
83333	316385
543	316385
550	316385
83333	316385
543	316385
543	316385
543	316385
83333	316385
543	316385
83333	316385
543	316385
444450	316385
83333	316385
83333	316385
83333	316385
562	316385
562	316385
543	316385
543	316385
83333	316385
562	316385
543	316385
83333	316385
83333	316385
83333	316385
562	316385
83333	316385
83333	316385
83333	316385
300268	316385
83333	316385
83333	316385
562	316385
562	316385
543	316385
83333	316385
543	316385
562	316385
83333	316385
543	316385
562	316385
83333	316385
543	316385
83333	316385
83333	316385
543	316385
83333	316385
562	316385
83333	316385
562	316385
562	316385
543	316385
83333	316385
543	316385
83333	316385
562	316385
562	316385
562	316385
562	316385
543	316385
83333	316385
83333	316385
83333	316385
83333	316385
83333	316385
83333	316385
83333	316385
543	316385
1236	316385
83333	316385
543	316385
83333	316385
83333	316385
83333	316385
543	316385
562	316385
543	316385
83333	316385
562	316385
543	316385
562	316385
543	316385
83333	316385
543	316385
83333	316385
83333	316385
83333	316385
543	316385
562	316385
543	316385
562	316385
83333	316385
83333	316385
83333	316385
543	316385
562	316385
543	316385
1	316385
300268	316385
83333	316385
543	316385
543	316385
83333	316385
83333	316385
562	316385
83333	316385
83333	316385
543	316385
562	316385
543	316385
83333	316385
83333	316385
83333	316385
562	316385
543	316385
543	316385
562	316385
543	316385
83333	316385
562	316385
543	316385
83333	316385
543	316385
543	316385
405955	316385
83333	316385
83333	316385
543	316385
543	316385
562	316385
562	316385
1236	316385
543	316385
83333	316385
83333	316385
83333	316385
83333	316385
83333	316385
543	316385
399742	316385
543	316385
83333	316385
83334	316385
543	316385
543	316385
83333	316385
83333	316385
83333	316385
543	316385
543	316385
562	316385
543	316385
83333	316385
543	316385
562	316385
83333	316385
543	316385
543	316385
300267	316385
83333	316385
543	316385
83333	316385
83333	316385
83333	316385
83333	316385
83333	316385
562	316385
543	316385
562	316385
83333	316385
562	316385
543	316385
543	316385
83333	316385
543	316385
83333	316385
543	316385
543	316385
543	316385
83333	316385
83333	316385
543	316385
83333	316385
543	316385
83333	316385
543	316385
543	316385
83333	316385
83333	316385
562	316385
1224	316385
83333	316385
83333	316385
543	316385
83333	316385
83333	316385
562	316385
543	316385
83333	316385
543	316385
543	316385
562	316385
562	316385
543	316385
83333	316385
562	316385
543	316385
562	316385
543	316385
543	316385
83333	316385
543	316385
562	316385
83333	316385
71421	316385
562	316385
83333	316385
83333	316385
83333	316385
562	316385
83333	316385
83333	316385
543	316385
83333	316385
83333	316385
562	316385
83333	316385
83333	316385
543	316385
83333	316385
83333	316385
562	316385
83333	316385
543	316385
562	316385
83333	316385
543	316385
83333	316385
543	316385
543	316385
83333	316385
83333	316385
83333	316385
83333	316385
83333	316385
543	316385
83333	316385
543	316385
71421	316385
83333	316385
562	316385
83333	316385
28883	316385
83333	316385
543	316385
83333	316385
290339	316385
83333	316385
83333	316385
83333	316385
83333	316385
83333	316385
83333	316385
543	316385
83333	316385
83333	316385
543	316385
83333	316385
83333	316385
83333	316385
543	316385
562	316385
562	316385
543	316385
83333	316385
83333	316385
83333	316385
83333	316385
83333	316385
83333	316385
83333	316385
543	316385
543	316385
83333	316385
543	316385
83333	316385
543	316385
83333	316385
543	316385
83333	316385
562	316385
83333	316385
543	316385
83333	316385
543	316385
562	316385
198804	316385
585054	316385
543	316385
83333	316385
562	316385
83333	316385
83333	316385
83333	316385
562	316385
83333	316385
543	316385
83333	316385
83333	316385
83333	316385
83333	316385
83333	316385
543	316385
562	316385
562	316385
83333	316385
543	316385
83333	316385
83333	316385
83333	316385
83333	316385
562	316385
83333	316385
543	316385
83333	316385
543	316385
543	316385
83333	316385
543	316385
543	316385
83333	316385
543	316385
83333	316385
373384	316385
562	316385
59201	316385
83333	316385
543	316385
83333	316385
543	316385
543	316385
543	316385
543	316385
543	316385
83333	316385
543	316385
83333	316385
543	316385
562	316385
543	316385
83333	316385
83333	316385
543	316385
83333	316385
543	316385
83333	316385
83333	316385
543	316385
83333	316385
543	316385
543	316385
543	316385
83333	316385
83333	316385
83333	316385
585056	316385
83333	316385
83333	316385
444450	316385
83333	316385
83333	316385
562	316385
83333	316385
83333	316385
543	316385
543	316385
543	316385
543	316385
83333	316385
543	316385
543	316385
1236	316385
83333	316385
83333	316385
562	316385
543	316385
543	316385
83333	316385
83333	316385
562	316385
562	316385
83333	316385
543	316385
543	316385
83333	316385
543	316385
83333	316385
543	316385
543	316385
543	316385
543	316385
83333	316385
543	316385
562	316385
83334	316385
543	316385
83333	316385
543	316385
83333	316385
562	316385
543	316385
543	316385
543	316385
83333	316385
83333	316385
83333	316385
83333	316385
83333	316385
83333	316385
562	316385
83333	316385
543	316385
83333	316385
543	316385
83333	316385
83333	316385
83333	316385
543	316385
543	316385
83333	316385
83333	316385
562	316385
562	316385
10713	316385
83333	316385
83333	316385
562	316385
543	316385
83333	316385
543	316385
543	316385
543	316385
83333	316385
83333	316385
562	316385
83333	316385
543	316385
543	316385
562	316385
83333	316385
122277	316385
543	316385
83333	316385
83333	316385
543	316385
83333	316385
83333	316385
83333	316385
543	316385
83333	316385
623	316385
83333	316385
543	316385
83333	316385
83333	316385
83333	316385
83333	316385
543	316385
543	316385
562	316385
83333	316385
83333	316385
83333	316385
83333	316385
83333	316385
543	316385
543	316385
83333	316385
83333	316385
83333	316385
83333	316385
83333	316385
83333	316385
83333	316385
543	316385
543	316385
562	316385
83333	316385
83333	316385
585055	316385
83333	316385
543	316385
83333	316385
83333	316385
562	316385
83333	316385
562	316385
83333	316385
543	316385
83333	316385
543	316385
83333	316385
543	316385
562	316385
83333	316385
543	316385
83333	316385
83333	316385
90370	316385
543	316385
83333	316385
83333	316385
693216	316385
83333	316385
543	316385
83333	316385
543	316385
543	316385
83333	316385
83333	316385
1236	316385
562	316385
83333	316385
83333	316385
543	316385
83333	316385
543	316385
83333	316385
562	316385
543	316385
83333	316385
543	316385
83333	316385
562	316385
543	316385
83333	316385
83333	316385
83333	316385
83333	316385
1	316385
83333	316385
83333	316385
83333	316385
83333	316385
543	316385
83333	316385
83333	316385
83333	316385
1	316385
543	316385
83333	316385
83333	316385
83333	316385
543	316385
543	316385
83333	316385
83333	316385
543	316385
543	316385
562	316385
83333	316385
1162	240292
251221	240292
1162	240292
273075	240292
103690	240292
1162	240292
1197	240292
240292	240292
1140	240292
1162	240292
1111708	240292
103690	240292
240292	240292
1111708	240292
1140	240292
1162	240292
103690	240292
240292	240292
1162	240292
70817	240292
1162	240292
543	240292
54914	240292
71421	240292
103690	240292
1162	240292
1111708	240292
1111708	240292
1111708	240292
1111708	240292
103690	240292
1162	240292
240292	240292
63737	240292
1111708	240292
3702	240292
103690	240292
1162	240292
131567	240292
399741	240292
1111708	240292
1117	240292
1162	240292
1162	240292
103690	240292
103690	240292
52	240292
131567	240292
41431	240292
103690	240292
240292	240292
103690	240292
1162	240292
240292	240292
103690	240292
1437201	240292
32046	240292
103690	240292
1111708	240292
114260	240292
1836	240292
240292	240292
240292	240292
1162	240292
562	240292
1111708	240292
32049	240292
32053	240292
103690	240292
1162	240292
1162	240292
240292	240292
44689	240292
1111708	240292
103690	240292
267608	240292
63737	240292
1117	240292
240292	240292
1162	240292
208964	240292
1162	240292
240292	240292
103690	240292
1162	240292
1236	240292
1111708	240292
1162	240292
1117	240292
1162	240292
103690	240292
543	240292
240292	240292
103690	240292
34256	240292
103690	240292
1162	240292
103690	240292
1162	240292
103690	240292
103690	240292
103690	240292
240292	240292
1162	240292
1184	240292
103690	240292
240292	240292
41431	240292
63737	240292
1111708	240292
240292	240292
54914	240292
1111708	240292
1111708	240292
3702	240292
3702	240292
1162	240292
1111708	240292
240292	240292
103690	240292
1162	240292
1111708	240292
243230	240292
240292	240292
240292	240292
103690	240292
103690	240292
103690	240292
1111708	240292
1162	240292
224308	240292
1177	240292
83333	240292
1111708	240292
2	240292
1111708	240292
43306	240292
70817	240292
1162	240292
1111708	240292
1162	240292
2	240292
1111708	240292
103690	240292
240292	240292
103690	240292
103690	240292
103690	240292
240292	240292
103690	240292
1162	240292
32046	240292
103690	240292
103690	240292
240292	240292
103690	240292
1111708	240292
103690	240292
1162	240292
63737	240292
240292	240292
240292	240292
272630	240292
1111708	240292
1140	240292
240292	240292
1162	240292
562	240292
103690	240292
1140	240292
103690	240292
1162	240292
449447	240292
240292	240292
1162	240292
240292	240292
1111708	240292
1162	240292
103690	240292
395961	240292
309800	240292
77643	240292
1162	240292
103690	240292
1831	240292
240292	240292
562	240292
1111708	240292
266834	240292
1162	240292
240292	240292
240292	240292
1111708	240292
1111708	240292
1162	240292
240292	240292
103690	240292
103690	240292
103690	240292
103690	240292
240292	240292
1111708	240292
1111708	240292
38300	240292
1111708	240292
103690	240292
39717	240292
1162	240292
240292	240292
1162	240292
1111708	240292
240292	240292
103690	240292
1162	240292
3702	240292
240292	240292
1111708	240292
1111708	240292
1111708	240292
103690	240292
240292	240292
224308	240292
103690	240292
1162	240292
240292	240292
103690	240292
2759	240292
1111708	240292
54914	240292
1111708	240292
103690	240292
240292	240292
1773	240292
240292	240292
1162	240292
103690	240292
1162	240292
44689	240292
103690	240292
1162	240292
1111708	240292
1162	240292
224911	240292
103690	240292
1162	240292
284812	240292
1111708	240292
103690	240292
1162	240292
240292	240292
1162	240292
1111708	240292
240292	240292
240292	240292
1111708	240292
103690	240292
32059	240292
55529	240292
274	240292
1162	240292
103690	240292
103690	240292
54914	240292
1162	240292
1111708	240292
240292	240292
1111708	240292
1140	240292
2787	240292
103690	240292
103690	240292
1162	240292
103690	240292
240292	240292
1162	240292
5145	240292
3702	240292
83263	240292
1162	240292
240292	240292
1111708	240292
2839	240292
1111708	240292
1111708	240292
1111708	240292
240292	240292
1162	240292
1111708	240292
1162	240292
103690	240292
1117	240292
103690	240292
103690	240292
103690	240292
1111708	240292
77643	240292
1111708	240292
240292	240292
32523	240292
240292	240292
131567	240292
2762	240292
1111708	240292
1162	240292
1162	240292
240292	240292
2762	240292
103690	240292
1162	240292
1162	240292
1117	240292
269084	240292
1162	240292
240292	240292
240292	240292
1111708	240292
322710	240292
284812	240292
103690	240292
32049	240292
1162	240292
240292	240292
1111708	240292
1118	240292
269084	240292
240292	240292
1162	240292
240292	240292
196627	240292
208964	240292
1162	240292
240292	240292
240292	240292
1140	240292
3702	240292
1162	240292
1111708	240292
1162	240292
1140	240292
1111708	240292
240292	240292
1162	240292
449447	240292
103690	240292
1162	240292
224308	240292
1162	240292
83333	240292
240292	240292
240292	240292
54914	240292
103690	240292
103690	240292
103690	240292
1162	240292
240292	240292
240292	240292
1111708	240292
103690	240292
240292	240292
1111708	240292
1162	240292
1111708	240292
1162	240292
243232	240292
1162	240292
1162	240292
1162	240292
240292	240292
240292	240292
269084	240292
292459	240292
103690	240292
1162	240292
1162	240292
1111708	240292
240292	240292
1279	240292
1111708	240292
240292	240292
1111708	240292
35461	240292
1140	240292
1162	240292
1162	240292
103690	240292
240292	240292
240292	240292
240292	240292
1111708	240292
1117	240292
240292	240292
1184	240292
240292	240292
1162	240292
1162	240292
240292	240292
240292	240292
1162	240292
543	240292
1184	240292
103690	240292
4530	240292
1140	240292
1166	240292
103690	240292
103690	240292
1162	240292
103690	240292
58024	240292
103690	240292
103690	240292
103690	240292
119856	177416
573569	177416
263	177416
198804	177416
543	177416
177416	177416
441952	177416
119856	177416
83333	177416
262	177416
263	177416
263	177416
543	177416
562	177416
263	177416
262	177416
263	177416
263	177416
1236	177416
263	177416
263	177416
263	177416
543	177416
338	177416
1639	177416
71421	177416
263	177416
263	177416
220668	177416
263	177416
484022	177416
263	177416
376619	177416
263	177416
376619	177416
119856	177416
543	177416
208964	177416
1236	177416
263	177416
263	177416
263	177416
262	177416
262	177416
263	177416
2	177416
263	177416
263	177416
543	177416
263	177416
263	177416
1111708	177416
263	177416
263	177416
119856	177416
177416	177416
211586	177416
263	177416
263	177416
562	177416
262	177416
340	177416
263	177416
262	177416
263	177416
263	177416
401614	177416
263	177416
262	177416
35554	177416
119856	177416
1224	177416
263	177416
2	177416
263	177416
177416	177416
263	177416
263	177416
654924	177416
263	177416
263	177416
262	177416
273063	177416
262	177416
1236	177416
317655	177416
263	177416
272563	177416
1224	177416
119857	177416
263	177416
263	177416
177416	177416
131567	177416
263	177416
262	177416
177416	177416
83554	177416
283942	177416
272843	177416
263	177416
263	177416
119856	177416
263	177416
263	177416
119856	177416
119856	177416
177416	177416
1236	177416
263	177416
1512	177416
243233	177416
1111708	177416
263	177416
263	177416
119856	177416
263	177416
262	177416
119857	177416
263	177416
263	177416
263	177416
263	177416
263	177416
286	177416
176299	177416
263	177416
177416	177416
286	177416
1492	177416
263	177416
263	177416
243277	177416
666	177416
119857	177416
543	177416
2	177416
263	177416
263	177416
272944	177416
263	177416
10519	10541
10519	10541
45659	10541
10519	10541
565302	10541
565302	10541
45659	10541
28282	10541
10509	10541
205922	205922
1236	205922
223283	205922
286	205922
223283	205922
208964	205922
208964	205922
205922	205922
286	205922
83333	205922
303	205922
208964	205922
205922	205922
303	205922
208964	205922
205922	205922
205922	205922
562	205922
208964	205922
208964	205922
286	205922
208964	205922
54914	205922
136843	205922
205922	205922
7147	205922
71421	205922
354	205922
208964	205922
208964	205922
243274	205922
208964	205922
208964	205922
136843	205922
205922	205922
208964	205922
205922	205922
294	205922
7227	205922
208964	205922
135621	205922
205922	205922
286	205922
543	205922
83333	205922
208964	205922
321	205922
205922	205922
131567	205922
136843	205922
272947	205922
286	205922
286	205922
286	205922
205922	205922
286	205922
205922	205922
205922	205922
99287	205922
205922	205922
294	205922
205922	205922
208964	205922
136849	205922
1063	205922
5482	205922
205922	205922
286	205922
216595	205922
266834	205922
205922	205922
208964	205922
205922	205922
205922	205922
208964	205922
205922	205922
71421	205922
205922	205922
208964	205922
303	205922
543	205922
208964	205922
208964	205922
43989	205922
160488	205922
208964	205922
205922	205922
83333	205922
286	205922
659	205922
379731	205922
287	205922
223283	205922
303	205922
220664	205922
77643	205922
294	205922
136843	205922
83333	205922
208964	205922
136843	205922
294	205922
373	205922
286	205922
54914	205922
83333	205922
223283	205922
216595	205922
208964	205922
208964	205922
286	205922
286	205922
160488	205922
74109	205922
59201	205922
615	205922
1124983	205922
205922	205922
205922	205922
286	205922
208964	205922
543	205922
208964	205922
286	205922
1280	205922
294	205922
205922	205922
9604	205922
136843	205922
136843	205922
286	205922
83333	205922
208964	205922
216595	205922
208964	205922
208964	205922
160488	205922
223283	205922
205922	205922
208964	205922
211586	205922
220664	205922
208964	205922
216595	205922
714	205922
205922	205922
205922	205922
208964	205922
303	205922
205922	205922
303	205922
208964	205922
8364	205922
208964	205922
1421	205922
205922	205922
83333	205922
205922	205922
205922	205922
562	205922
286	205922
212035	205922
208964	205922
208964	205922
83333	205922
208964	205922
205922	205922
208964	205922
205922	205922
83333	205922
286	205922
286	205922
294	205922
243277	205922
205922	205922
243233	205922
208964	205922
205922	205922
122277	205922
220664	205922
426355	205922
205922	205922
205922	205922
135621	205922
71421	205922
562	205922
286	205922
208964	205922
208964	205922
208964	205922
205922	205922
205922	205922
208964	205922
205922	205922
224308	205922
208964	205922
224308	205922
205922	205922
543	205922
160488	205922
205922	205922
205922	205922
205922	205922
208964	205922
294	205922
83333	205922
286	205922
381666	205922
205922	205922
303	205922
100226	205922
205922	205922
208964	205922
216594	205922
83333	205922
208964	205922
208964	205922
205922	205922
192	205922
208964	205922
83333	205922
205922	205922
208964	205922
208964	205922
562	205922
160488	205922
1124983	205922
83333	205922
205922	205922
205922	205922
136843	205922
208964	205922
208964	205922
208964	205922
220664	205922
208964	205922
160488	205922
205922	205922
294	205922
294	205922
485	205922
71421	205922
303	205922
208964	205922
205922	205922
205922	205922
224911	205922
205922	205922
286	205922
136843	205922
303	205922
29440	205922
198628	205922
136849	205922
286	205922
208964	205922
286	205922
71421	205922
286	205922
205922	205922
286	205922
296	205922
71421	205922
294	205922
1236	205922
205922	205922
303	205922
205922	205922
136843	205922
294	205922
208964	205922
286	205922
223283	205922
83333	205922
286	205922
205922	205922
303	205922
303	205922
160488	205922
205922	205922
83333	205922
286	205922
294	205922
205922	205922
54914	205922
160488	205922
294	205922
44689	205922
335	205922
203122	205922
208964	205922
205922	205922
303	205922
354	205922
224308	205922
286	205922
205922	205922
208964	205922
208964	205922
208964	205922
106649	205922
286	205922
205922	205922
205922	205922
205922	205922
205922	205922
286	205922
83333	205922
136843	205922
160488	205922
205922	205922
286	205922
205922	205922
562	205922
243277	205922
208964	205922
266834	205922
1224	205922
220664	205922
47884	205922
205922	205922
768066	205922
223283	205922
136843	205922
205922	205922
208964	205922
354	205922
205922	205922
208964	205922
471	205922
208964	205922
208964	205922
208964	205922
208964	205922
208964	205922
303	205922
208964	205922
208964	205922
562	205922
294	205922
205922	205922
381666	205922
136843	205922
303	205922
294	205922
208964	205922
135621	205922
543	205922
54914	205922
205922	205922
321	205922
286	205922
1140	205922
136843	205922
286	205922
234	205922
543	205922
573	205922
543	205922
205922	205922
354	205922
286	205922
294	205922
1236	205922
573	205922
60550	205922
205922	205922
136843	205922
205922	205922
286	205922
294	205922
205922	205922
286	205922
439	205922
205922	205922
223283	205922
208964	205922
205922	205922
205922	205922
205922	205922
562	205922
205922	205922
286	205922
294	205922
205922	205922
629	205922
205922	205922
208964	205922
1236	205922
390235	205922
208964	205922
205922	205922
205922	205922
160488	205922
208964	205922
287	205922
208964	205922
205922	205922
286	205922
205922	205922
205922	205922
294	205922
322710	205922
286	205922
208964	205922
190650	205922
543	205922
208964	205922
393595	205922
208963	205922
205922	205922
83333	205922
208964	205922
208964	205922
136843	205922
208964	205922
286	205922
205922	205922
208964	205922
303	205922
205922	205922
136843	205922
205922	205922
208964	205922
205922	205922
286	205922
83333	205922
300	205922
286	205922
223283	205922
205922	205922
208964	205922
205922	205922
223283	205922
83333	205922
83333	205922
205922	205922
394	205922
205922	205922
227377	205922
224915	205922
286	205922
266835	205922
286	205922
294	205922
1236	205922
205922	205922
562	205922
160488	205922
208964	205922
220664	205922
208964	205922
294	205922
136843	205922
205922	205922
301	205922
208964	205922
83333	205922
303	205922
205922	205922
77643	205922
205922	205922
1236	205922
205922	205922
205922	205922
176299	205922
205922	205922
122277	205922
294	205922
208964	205922
321	205922
316	205922
303	205922
208964	205922
208964	205922
208964	205922
303	205922
205922	205922
303	205922
224308	205922
810	205922
136843	205922
286	205922
223283	205922
286	205922
233412	205922
205922	205922
543	205922
80840	205922
543	205922
160488	205922
99287	205922
572477	205922
543	205922
83333	205922
