51290	272561
51290	272561
51290	272561
51290	272561
51290	272561
51290	272561
51290	272561
51290	272561
51290	272561
51290	272561
51290	272561
51290	272561
51290	272561
51290	272561
51290	272561
51290	272561
51290	272561
51290	272561
51290	272561
51290	272561
51290	272561
51290	272561
51290	272561
51290	272561
51290	272561
51290	272561
51290	272561
51290	272561
51290	272561
51290	272561
51290	272561
51290	272561
51290	272561
51290	272561
51290	272561
51290	272561
51290	272561
51290	272561
51290	272561
51290	272561
51290	272561
51290	272561
51290	272561
51290	272561
51290	272561
51290	272561
51290	272561
51290	272561
51290	272561
51290	272561
51290	272561
51290	272561
51290	272561
51290	272561
51290	272561
51290	272561
51290	272561
51290	272561
1224	272561
51290	272561
51290	272561
51290	272561
51290	272561
51290	272561
51290	272561
51290	272561
51290	272561
51290	272561
51290	272561
51290	272561
1224	272561
51290	272561
51290	272561
51290	272561
51290	272561
51290	272561
51290	272561
51290	272561
51290	272561
51290	272561
51290	272561
51290	272561
51290	272561
51290	272561
51290	272561
51290	272561
51290	272561
51290	272561
51290	272561
51290	272561
51290	272561
51290	272561
51290	272561
51290	272561
51290	272561
51290	272561
51290	272561
1224	272561
51290	272561
1224	272561
51290	272561
51290	272561
51290	272561
51290	272561
51290	272561
51290	272561
51290	272561
51290	272561
51290	272561
1224	266834
1224	266834
1224	266834
1224	266834
1224	266834
1224	266834
38254	266834
1224	266834
1224	266834
1224	266834
1224	266834
1224	266834
1224	266834
1224	266834
1224	266834
1224	266834
1224	266834
1224	266834
1224	266834
1224	266834
1224	266834
1224	266834
1224	266834
1224	266834
1224	266834
1224	266834
1224	266834
1224	266834
1224	266834
1224	266834
1224	266834
1224	266834
1224	266834
1224	266834
1224	266834
1224	266834
1224	266834
1224	266834
33154	266834
33090	266834
1224	266834
1224	266834
1224	266834
1224	266834
1224	266834
1224	266834
1224	266834
1224	266834
1224	266834
1224	266834
1224	266834
1224	266834
1224	266834
1224	266834
1224	266834
1224	266834
1224	266834
33090	266834
1224	266834
1224	266834
1224	266834
1224	266834
1224	266834
1224	266834
1224	266834
1224	266834
1224	266834
1224	266834
33154	266834
1224	266834
1224	266834
1224	266834
1224	266834
1224	266834
1224	266834
1224	266834
1224	266834
1224	266834
1224	266834
1224	266834
1224	266834
1224	266834
1224	266834
1224	266834
1224	266834
1224	266834
1224	266834
1224	266834
1224	266834
1224	266834
1224	266834
201174	266834
1224	266834
1224	266834
1224	266834
1224	266834
1224	266834
1224	266834
1224	266834
1224	266834
1224	266834
1224	266834
1224	266834
1224	266834
1224	266834
1224	266834
1224	266834
1224	266834
1224	266834
1224	266834
1224	266834
1224	266834
1224	266834
1224	266834
1224	266834
1224	266834
1224	266834
1224	266834
1224	266834
1224	266834
1224	266834
1224	266834
1224	266834
1224	266834
1224	266834
1224	266834
1224	266834
1239	266834
1224	266834
1224	266834
1224	266834
1224	266834
1224	266834
1224	266834
1224	266834
1224	266834
28890	266834
201174	266834
1224	266834
1224	266834
1224	266834
1224	266834
1224	266834
1224	266834
1224	266834
1224	266834
1224	266834
1224	266834
201174	266834
1224	266834
1224	266834
1224	266834
1224	266834
1224	266834
1224	266834
1224	266834
1224	266834
1224	266834
1224	266834
1224	266834
1224	266834
1224	266834
1224	266834
1224	266834
1224	266834
1224	266834
1224	266834
1224	266834
1224	266834
1224	266834
1224	266834
1224	266834
1224	266834
1224	266834
1224	266834
1224	266834
1224	266834
1224	266834
1224	266834
1224	266834
1224	266834
1224	266834
1224	266834
1224	266834
1224	266834
1224	266834
1224	266834
1224	266834
1224	266834
1224	266834
1224	266834
28890	266834
1224	266834
1224	266834
1224	266834
1224	266834
1239	176280
1239	176280
1239	176280
1239	176280
1239	176280
1239	176280
1239	176280
1239	176280
1239	176280
1239	176280
1239	176280
1239	176280
1239	176280
1239	176280
1239	176280
1239	176280
1239	176280
1239	176280
1239	176280
1239	176280
1239	176280
2	176280
1239	176280
1239	176280
1239	176280
1239	176280
1239	176280
1239	176280
1239	176280
1239	176280
1239	176280
1239	176280
1239	176280
1239	176280
1239	176280
1239	176280
1239	176280
1239	176280
1239	176280
1239	176280
1239	176280
1239	176280
1239	176280
1239	176280
1239	176280
1239	176280
1239	176280
1239	176280
1224	176280
1239	176280
1239	176280
1239	176280
1239	176280
1239	176280
1239	176280
1239	176280
1239	176280
1239	176280
1239	176280
1239	176280
1239	176280
1239	176280
1239	176280
1239	176280
1239	176280
1239	176280
1239	176280
1239	176280
1239	176280
1239	176280
1239	176280
1239	176280
1239	176280
1239	176280
1239	176280
1239	176280
1239	176280
1239	176280
1239	176280
1239	176280
1239	176280
1239	176280
1239	176280
1239	176280
1239	176280
1239	176280
1239	176280
1239	176280
1224	176280
1239	176280
1239	176280
1239	176280
1239	176280
1239	176280
1239	176280
1239	176280
1239	176280
1239	176280
1239	176280
1224	176280
1239	176280
1239	176280
1239	176280
1239	176280
1239	176280
1239	176280
1239	176280
1239	176280
1239	176280
1239	176280
1224	176280
1239	176280
1239	176280
1239	176280
1239	176280
1239	176280
1239	176280
1239	176280
1239	176280
1239	176280
1239	176280
1239	176280
1239	176280
1239	176280
1239	176280
1239	176280
1239	176280
1239	176280
1239	176280
1239	176280
1239	176280
1239	176280
1239	176280
1239	176280
1239	176280
1239	176280
1239	176280
1239	176280
1239	176280
1239	176280
1239	176280
1239	176280
1239	176280
1239	176280
1239	176280
1239	176280
1239	176280
1239	176280
1239	176280
1239	176280
1239	176280
1239	176280
1239	176280
1239	176280
1239	176280
1239	176280
1239	176280
1239	176280
1239	176280
1239	176280
1239	176280
1239	176280
1239	176280
1239	176280
1239	176280
1239	176280
1239	176280
1239	176280
1239	176280
1239	176280
1239	176280
1239	176280
1239	176280
1239	176280
1239	176280
1239	176280
1239	176280
1239	176280
1239	176280
1239	176280
1239	176280
1239	176280
1239	176280
1239	176280
1239	176280
1239	176280
1239	176280
1239	176280
1239	176280
1239	176280
1239	176280
1239	176280
1239	176280
1239	176280
1239	176280
1239	176280
1239	176280
1239	176280
1239	176280
1239	176280
1239	176280
1239	176280
1239	176280
1239	176280
1239	176280
1239	176280
1239	176280
1239	176280
1239	176280
1239	176280
1239	176280
1239	176280
1239	176280
1239	176280
1239	176280
1239	176280
1239	176280
1239	176280
1239	176280
1239	176280
1239	176280
1239	176280
1239	176280
1239	176280
1239	176280
1239	176280
1239	176280
1239	176280
1239	176280
1239	176280
1239	176280
1239	176280
1239	176280
1239	176280
28890	176280
1239	176280
1239	176280
1239	176280
1239	176280
1239	176280
1239	176280
1239	176280
1239	176280
1239	176280
1239	176280
1224	176280
1239	176280
1239	176280
1239	176280
1239	176280
1239	176280
1239	176280
1239	176280
1239	176280
1239	176280
1239	176280
1239	176280
1239	176280
1239	176280
1239	176280
1239	176280
1239	176280
1239	176280
1239	176280
1239	176280
1224	223926
1224	223926
1224	223926
1224	223926
1224	223926
1224	223926
1224	223926
1224	223926
1224	223926
1224	223926
1224	223926
1224	223926
2	223926
1224	223926
1224	223926
1224	223926
1224	223926
1224	223926
1224	223926
1224	223926
1224	223926
1224	223926
1224	223926
1224	223926
1224	223926
1224	223926
1224	223926
1224	223926
1224	223926
1224	223926
1224	223926
1224	223926
1224	223926
1224	223926
1224	223926
1297	223926
1224	223926
1224	223926
1224	223926
1224	223926
1239	223926
1224	223926
1224	223926
1224	223926
1239	223926
1224	223926
1224	223926
1224	223926
1224	223926
1224	223926
1224	223926
1224	223926
2	223926
1224	223926
1224	223926
1224	223926
1224	223926
1224	223926
1224	223926
1224	223926
1224	223926
1224	223926
1224	223926
1224	223926
1224	223926
1224	223926
1224	223926
1224	223926
1224	223926
1224	223926
1224	223926
1224	223926
1224	223926
2	223926
1224	223926
1224	223926
1224	223926
1224	223926
1224	223926
1224	223926
1224	223926
1224	223926
1224	223926
1239	223926
1224	223926
1224	223926
1224	223926
1224	223926
1224	223926
1224	223926
1224	223926
1224	223926
1224	223926
1224	223926
1224	223926
1224	223926
1224	223926
1224	223926
1224	223926
1224	223926
1224	223926
1224	223926
1224	223926
1224	223926
1224	223926
1224	223926
1224	223926
1224	223926
1224	223926
1224	223926
1224	223926
1224	223926
1224	223926
1224	223926
1224	223926
28890	223926
1224	223926
1224	223926
1224	223926
1224	223926
1224	223926
1224	223926
1224	223926
1224	223926
1224	223926
1224	223926
1224	223926
33090	223926
1224	223926
1224	223926
1224	223926
1224	223926
1224	223926
1224	223926
1224	223926
1224	223926
1224	223926
1224	223926
1224	223926
1224	223926
1224	223926
1224	223926
1224	223926
1224	223926
1224	223926
1224	223926
1224	223926
1224	223926
1224	223926
1224	223926
1224	223926
1224	223926
1224	223926
1224	223926
1224	223926
1224	223926
1224	223926
1224	223926
1224	223926
1224	223926
1224	223926
1224	223926
1224	223926
1224	223926
1224	223926
33154	223926
1224	223926
1224	223926
1224	223926
1224	223926
1224	223926
1224	223926
1224	223926
1224	223926
1224	223926
1224	223926
1224	223926
1224	223926
1224	223926
1224	223926
1224	223926
1224	223926
1224	223926
1224	223926
1224	223926
1224	223926
1224	223926
1224	223926
1224	223926
1224	223926
1224	223926
1224	223926
1224	223926
1224	223926
1224	223926
1224	223926
1224	223926
1224	223926
1224	223926
1224	223926
1224	223926
1224	223926
1224	223926
1224	223926
1224	223926
1224	223926
1224	223926
1224	223926
1224	223926
1224	223926
1224	223926
1224	223926
1224	223926
1224	223926
1224	223926
1224	223926
1224	223926
1224	223926
1224	223926
1224	223926
1224	223926
1224	223926
1224	223926
1224	223926
1224	223926
1239	223926
1224	223926
1224	223926
1224	223926
1224	223926
1224	223926
1224	223926
1224	223926
1224	223926
1224	223926
1224	223926
1224	223926
1224	223926
1224	223926
1224	223926
1224	223926
1224	223926
1224	223926
1224	223926
1224	223926
1224	223926
1224	223926
1224	223926
1224	223926
1224	223926
1224	223926
1224	223926
1224	223926
1224	223926
1224	223926
1224	223926
1224	223926
1224	223926
1224	223926
1224	223926
1224	223926
1224	223926
1224	223926
1224	223926
1224	223926
1224	223926
1224	223926
1224	223926
1224	223926
1224	223926
1224	223926
1224	223926
1224	223926
1224	223926
1224	223926
33154	223926
1224	223926
1239	223926
1224	223926
1224	223926
1224	223926
1224	223926
1224	223926
1224	223926
1224	223926
1224	223926
1224	223926
1224	223926
1239	223926
1224	223926
1224	223926
1224	223926
1224	223926
1224	223926
1224	223926
1224	223926
1224	223926
1224	223926
1224	223926
1224	223926
1224	223926
1224	223926
68336	223926
1224	223926
1224	223926
1224	223926
1224	223926
1224	223926
1224	223926
1224	223926
33154	223926
1224	223926
1224	223926
1224	223926
1239	223926
1224	223926
1224	223926
1224	223926
1224	223926
1224	223926
1224	223926
68336	223926
1224	223926
1224	223926
33090	223926
1224	223926
1224	223926
1224	223926
1224	223926
1224	223926
1224	223926
1224	223926
1224	223926
1224	223926
1224	223926
1224	223926
1224	223926
1224	223926
1224	223926
1224	223926
1224	223926
1224	223926
1224	223926
1224	223926
1224	223926
1224	223926
1224	223926
1224	223926
1224	223926
1224	223926
1224	223926
1224	223926
1224	223926
1224	223926
1239	223926
1224	264462
1224	264462
1224	264462
1224	264462
1224	264462
1224	264462
1224	264462
1224	264462
1224	264462
1224	264462
1224	264462
201174	264462
1224	264462
1224	264462
1224	264462
1239	264462
1224	264462
1224	264462
1224	264462
1224	264462
1224	264462
1224	264462
1224	264462
1224	264462
1224	264462
1224	264462
1224	264462
1224	264462
1224	264462
1224	264462
1224	264462
1239	264462
1224	264462
1224	264462
1224	264462
1224	264462
1224	264462
1224	264462
1224	264462
1224	264462
1224	264462
1224	264462
1224	264462
1224	264462
1239	264462
1224	264462
33090	264462
1224	264462
1224	264462
1224	264462
1224	264462
1224	264462
1224	264462
1224	264462
1224	264462
2	264462
1224	264462
28890	264462
1224	264462
1224	264462
1224	264462
1224	264462
1224	264462
1224	264462
1224	264462
1224	264462
1224	264462
1224	264462
1224	264462
1224	264462
1224	264462
1224	264462
1224	264462
201174	264462
1224	264462
1224	264462
33154	264462
1224	264462
1224	264462
1224	264462
33154	264462
1224	264462
1224	264462
1224	264462
2	264462
1239	264462
1224	264462
1224	264462
1224	264462
1224	264462
1224	264462
1224	264462
33090	264462
1224	264462
1224	264462
1224	264462
1224	264462
33154	264462
28890	264462
33154	264462
1224	264462
1239	264462
33090	264462
1224	264462
201174	264462
1224	264462
1224	264462
1224	264462
1224	264462
1224	264462
1239	264462
1224	264462
1224	264462
1224	264462
1224	264462
1224	264462
1297	264462
1224	264462
1224	264462
1224	264462
1239	158878
1239	158878
1239	158878
1239	158878
1239	158878
1239	158878
1239	158878
1239	158878
1239	158878
1239	158878
1239	158878
28883	158878
1239	158878
1239	158878
1239	158878
1239	158878
1239	158878
1239	158878
1239	158878
1239	158878
1239	158878
1239	158878
1239	158878
1224	158878
33154	158878
1239	158878
1239	158878
1239	158878
1239	158878
1239	158878
1239	158878
1239	158878
1239	158878
1239	158878
1239	158878
1239	158878
1239	158878
1239	158878
1239	158878
1239	158878
1239	158878
1239	158878
1239	158878
1239	158878
1239	158878
1239	158878
1239	158878
1239	158878
1239	158878
1239	158878
1239	158878
1239	158878
1239	158878
1239	158878
1239	158878
1239	158878
1239	158878
1239	158878
1239	158878
1239	158878
1239	158878
1239	158878
1239	158878
1239	158878
1239	158878
1239	158878
1239	158878
1239	158878
1239	158878
1239	158878
1239	158878
1239	158878
1239	158878
1239	158878
1239	158878
1239	158878
1239	158878
1239	158878
1239	158878
1239	158878
1239	158878
1239	158878
1239	158878
1239	158878
1239	158878
1239	158878
1224	158878
1239	158878
1239	158878
1239	158878
1239	158878
1239	158878
1239	158878
1239	158878
1239	158878
1239	158878
1239	158878
1239	158878
1239	158878
1239	158878
1239	158878
1239	158878
1239	158878
1239	158878
1239	158878
1239	158878
1239	158878
1239	158878
1239	158878
1239	158878
1239	158878
2	158878
1239	158878
1239	158878
1239	158878
1239	158878
1239	158878
1239	158878
1239	158878
1239	158878
1239	158878
2	158878
1239	158878
1239	158878
1239	158878
1239	158878
1239	158878
1239	158878
1239	158878
1239	158878
1239	158878
1239	158878
1239	158878
1224	158878
1239	158878
1239	158878
1239	158878
1239	158878
1239	158878
1239	158878
1239	158878
1239	158878
1239	158878
1239	158878
1239	158878
1239	158878
1239	158878
1239	158878
1239	158878
1239	158878
1239	158878
1239	158878
1239	158878
1239	158878
1239	158878
1239	158878
1239	158878
1239	158878
1239	158878
1239	158878
1239	158878
1239	158878
1239	158878
1239	158878
1239	158878
1239	158878
1239	158878
1239	158878
1239	158878
1239	158878
1239	158878
1239	158878
1239	158878
1239	158878
1239	158878
1239	158878
1239	158878
1239	158878
1239	158878
1239	158878
1239	158878
1239	158878
1239	158878
1239	158878
1239	158878
1239	158878
1239	158878
1239	158878
1239	158878
1239	158878
1239	158878
1239	158878
1239	158878
1239	158878
1239	158878
1239	158878
1239	158878
1239	158878
1224	158878
1239	158878
1239	158878
1239	158878
1239	158878
1239	158878
1239	158878
1239	158878
1239	158878
1239	158878
1239	158878
1239	158878
1239	158878
1239	158878
1239	158878
1239	158878
1239	158878
1239	158878
1239	158878
1239	158878
1239	158878
1239	158878
1224	158878
1239	158878
1239	158878
1239	158878
1239	158878
1239	158878
1239	158878
1239	158878
1239	158878
1239	158878
1239	158878
1239	158878
1239	158878
1239	158878
1239	158878
1239	158878
1239	158878
1239	158878
1239	158878
1239	158878
1239	158878
1239	158878
1239	158878
1239	158878
1239	158878
1239	158878
1239	158878
1239	158878
1239	158878
1239	158878
1239	158878
1239	158878
1239	158878
1239	158878
1239	158878
1239	158878
1239	158878
1239	158878
1239	158878
1239	158878
1239	158878
1239	158878
1239	158878
1239	158878
1239	158878
1239	158878
1239	158878
1239	158878
1239	158878
1239	158878
1239	158878
1239	158878
1239	158878
1239	158878
1239	158878
1239	158878
1239	158878
1239	158878
1239	158878
1239	158878
1239	158878
1239	158878
1239	158878
1239	158878
1239	158878
1239	158878
1239	158878
1239	158878
1239	158878
1239	158878
1239	158878
1239	158878
1239	158878
1239	158878
1239	158878
1239	158878
1239	158878
1239	158878
1239	158878
1239	158878
1239	158878
1239	158878
28890	167879
1224	167879
1224	167879
1224	167879
1224	167879
1224	167879
1224	167879
1224	167879
1224	167879
1224	167879
1224	167879
2	167879
33154	167879
1224	167879
1224	167879
1224	167879
1224	167879
1224	167879
1224	167879
1224	167879
1224	167879
1239	167879
1224	167879
1224	167879
1224	167879
1224	167879
1224	167879
1224	167879
1224	167879
1224	167879
1224	167879
1224	167879
1224	167879
1224	167879
1224	167879
1224	167879
1224	167879
1224	167879
1224	167879
1224	167879
1224	167879
1224	167879
1224	167879
1224	167879
1224	167879
1224	167879
1224	167879
201174	167879
1224	167879
1224	167879
1224	167879
1224	167879
1224	167879
1224	167879
1224	167879
1224	167879
1224	167879
33154	167879
1224	167879
1224	167879
1224	167879
1224	167879
1224	167879
1224	167879
1224	167879
33154	167879
1224	167879
1224	167879
1224	167879
1224	167879
1224	167879
1224	167879
1224	167879
1224	167879
1224	167879
1224	167879
1224	167879
1224	167879
1224	167879
1224	167879
1224	167879
1224	167879
1224	167879
1224	167879
1224	167879
1224	167879
33154	167879
1224	167879
1224	167879
1224	167879
1224	167879
1224	167879
1224	167879
28890	167879
1224	167879
1224	167879
1224	167879
1224	167879
1224	167879
1224	167879
1224	167879
1224	167879
1224	167879
1297	167879
1224	167879
1224	167879
1224	167879
131567	167879
1224	167879
33090	167879
1224	167879
1224	167879
1224	167879
1224	167879
1224	167879
1224	167879
1224	167879
1224	167879
1224	167879
1224	167879
1224	167879
1224	167879
1224	167879
1224	167879
1224	167879
1224	167879
1224	167879
33090	167879
1224	167879
1224	167879
1224	167879
1224	167879
1224	167879
1224	167879
1224	167879
1224	167879
1224	167879
1224	167879
1224	167879
1224	167879
1224	167879
1239	167879
1224	167879
1224	167879
1224	167879
1224	167879
1224	167879
1224	167879
1224	167879
1224	167879
2	167879
1224	167879
1224	167879
1224	167879
1224	167879
1224	167879
1224	167879
1224	167879
1224	167879
1224	167879
1224	167879
1224	167879
1224	167879
1224	167879
131567	167879
1224	167879
1224	167879
1224	167879
1224	167879
1224	167879
1224	167879
1224	167879
1224	167879
1224	167879
1224	167879
1224	167879
1224	167879
1224	167879
1224	167879
1239	167879
1224	167879
1224	167879
1224	167879
1224	167879
1224	167879
1224	167879
1224	167879
1117	167879
1224	167879
1224	167879
1224	167879
1224	167879
1224	167879
1224	167879
1224	167879
1224	167879
1224	167879
1224	167879
1224	167879
1224	167879
1224	167879
1224	167879
1224	167879
1224	167879
1224	167879
1224	167879
1224	167879
1239	167879
1224	167879
1224	167879
1224	167879
1224	167879
1224	167879
554915	167879
1224	167879
1224	167879
1224	167879
1224	167879
1224	167879
1224	167879
1224	167879
1224	167879
1224	167879
1224	167879
1224	167879
1224	167879
33154	167879
1224	167879
1224	167879
1224	167879
1224	167879
1224	167879
1224	167879
1224	167879
1224	167879
1224	167879
1224	167879
33154	167879
1224	167879
1224	167879
1224	167879
1117	110662
1117	110662
1117	110662
1117	110662
1117	110662
1117	110662
1117	110662
1117	110662
1117	110662
1117	110662
201174	110662
1117	110662
1117	110662
1117	110662
1117	110662
1117	110662
1117	110662
1117	110662
1117	110662
1117	110662
1224	110662
1117	110662
1117	110662
1117	110662
1117	110662
1117	110662
1117	110662
131567	110662
1117	110662
1117	110662
1117	110662
2	110662
1117	110662
1117	110662
1117	110662
1117	110662
1117	110662
1117	110662
1117	110662
1117	110662
1117	110662
1117	110662
1117	110662
1117	110662
1117	110662
2763	110662
1117	110662
1117	110662
1117	110662
1117	110662
1224	110662
1117	110662
1117	110662
1117	110662
38254	110662
1117	110662
1117	110662
1117	110662
1117	110662
1117	110662
33090	110662
38254	110662
1117	110662
33090	110662
1297	110662
1117	110662
1117	110662
1117	110662
1117	110662
1117	110662
1117	110662
1117	110662
1117	110662
1224	110662
1117	110662
1117	110662
1117	110662
1117	110662
1117	110662
1224	110662
1117	110662
1117	110662
1117	110662
131567	110662
1117	110662
1117	110662
1117	110662
1224	110662
33090	110662
1117	110662
1117	110662
1117	110662
1117	110662
1117	110662
1224	110662
1117	110662
1117	110662
1117	110662
1117	110662
131567	110662
1117	110662
1117	110662
1117	110662
1117	110662
1117	110662
1117	110662
1117	110662
1117	110662
1117	110662
1117	110662
1117	110662
1117	110662
1117	110662
1117	110662
1117	110662
1117	110662
3027	110662
1239	110662
1117	110662
1117	110662
1117	110662
1117	110662
1117	110662
1117	110662
1117	110662
201174	110662
1117	110662
1117	110662
1117	110662
1117	110662
1117	110662
1117	110662
1117	110662
1117	110662
1117	110662
1117	110662
1117	110662
1117	110662
2759	110662
1117	110662
1117	110662
1117	110662
1117	110662
200918	110662
131567	110662
1117	110662
1117	110662
1117	110662
33090	110662
1117	110662
1117	110662
1117	110662
1117	110662
1117	110662
1117	110662
1224	359391
1224	359391
1224	359391
1224	359391
1224	359391
1224	359391
1224	359391
1224	359391
1224	359391
1224	359391
1224	359391
1224	359391
1224	359391
1224	359391
1224	359391
1224	359391
1224	359391
1224	359391
1224	359391
1224	359391
1224	359391
1224	359391
1224	359391
1224	359391
1224	359391
1224	359391
1224	359391
1224	359391
1224	359391
1224	359391
1239	359391
1224	359391
33090	359391
201174	359391
1224	359391
1224	359391
1224	359391
1224	359391
1224	359391
1239	359391
1224	359391
1224	359391
1224	359391
1224	359391
1224	359391
1224	359391
1224	359391
1224	359391
1224	359391
131567	359391
1224	359391
1224	359391
1224	359391
1224	359391
28890	359391
1224	359391
1224	359391
1224	359391
1224	359391
1224	359391
1224	359391
1224	359391
1224	359391
1224	359391
1224	359391
1224	359391
1224	359391
1224	359391
28890	359391
1224	359391
1224	359391
33154	359391
1224	359391
200783	359391
33090	359391
1224	359391
1224	359391
1224	359391
1224	359391
1224	359391
1224	359391
1224	359391
1224	359391
1224	359391
1224	359391
1224	359391
1224	359391
1224	359391
1224	359391
1224	359391
1224	359391
1224	359391
1224	359391
1224	359391
1224	359391
1224	359391
1224	359391
1224	359391
1224	359391
1224	359391
1224	359391
1224	359391
1224	359391
1224	359391
1117	359391
1224	359391
1224	359391
1224	359391
1224	359391
1224	359391
1224	359391
1224	359391
1224	359391
1224	359391
1224	359391
1224	359391
1224	359391
1224	359391
1224	359391
1224	359391
1224	359391
1224	359391
1224	359391
1239	359391
1224	359391
1224	359391
1224	359391
1224	359391
1224	359391
1224	359391
1224	359391
1224	359391
1224	359391
1224	359391
33154	359391
1224	359391
2759	359391
1239	359391
1224	359391
1224	359391
1224	359391
1224	359391
1224	359391
1224	359391
1224	359391
33154	359391
1224	359391
1224	359391
1224	359391
1224	359391
1224	359391
200783	359391
1224	359391
1224	359391
1224	359391
1224	359391
1224	359391
1224	359391
1224	359391
1224	359391
1224	359391
1224	359391
1224	359391
1224	359391
1224	359391
1224	359391
1224	359391
1224	359391
1224	359391
1224	359391
1239	359391
1224	359391
1224	359391
1224	359391
200783	359391
2763	359391
2	359391
1224	359391
1224	359391
1224	359391
1224	359391
1224	359391
1224	359391
1224	359391
1224	359391
1224	359391
1224	359391
1224	359391
1224	359391
1224	359391
1224	359391
1224	359391
1224	359391
1224	359391
1224	359391
1224	359391
1224	359391
2	359391
1224	359391
1224	359391
1224	359391
1224	359391
1224	359391
1224	359391
1224	359391
554915	359391
1224	359391
1224	359391
1224	359391
1224	359391
1224	359391
1224	359391
1224	359391
1224	359391
1224	359391
1224	359391
1224	359391
1224	359391
1224	359391
1224	359391
1224	359391
1224	359391
200795	359391
1224	359391
1224	359391
1224	359391
201174	359391
1224	359391
1224	359391
1224	359391
1224	359391
1224	359391
1224	359391
1224	359391
1224	359391
1224	359391
1224	359391
1224	359391
1224	359391
1224	359391
1224	359391
1224	359391
1224	359391
131567	359391
1224	359391
1224	359391
1224	359391
1224	359391
1224	316057
1224	316057
1224	316057
1224	316057
1224	316057
1224	316057
28889	316057
1224	316057
33154	316057
1224	316057
1224	316057
1224	316057
1224	316057
1224	316057
1224	316057
1224	316057
1224	316057
33090	316057
1224	316057
1224	316057
1224	316057
1224	316057
1224	316057
1224	316057
1224	316057
1224	316057
1224	316057
1224	316057
1224	316057
1224	316057
1224	316057
1224	316057
1224	316057
1224	316057
1239	316057
1224	316057
1239	316057
1224	316057
1297	316057
1224	316057
1224	316057
1224	316057
1224	316057
1297	316057
1224	316057
1224	316057
1224	316057
1224	316057
1224	316057
1224	316057
1224	316057
1224	316057
1224	316057
1224	316057
1224	316057
1224	316057
1224	316057
1224	316057
28890	316057
1224	316057
1224	316057
1224	316057
1224	316057
1117	316057
1224	316057
1224	316057
1224	316057
1224	316057
201174	316057
1239	316057
1224	316057
1224	316057
1224	316057
1224	316057
1224	316057
1224	316057
200930	316057
1224	316057
1224	316057
1224	316057
1224	316057
1224	316057
33154	316057
1224	316057
1224	316057
1224	316057
1224	316057
1224	316057
1224	316057
1224	316057
1224	316057
1224	316057
1224	316057
1224	316057
1224	316057
1224	316057
2	316057
1224	316057
33154	316057
1224	316057
1224	316057
1224	316057
1224	316057
1224	316057
1224	316057
1224	316057
1224	316057
1224	316057
1224	316057
1224	316057
1224	316057
1224	316057
1224	316057
1224	316057
1224	316057
1224	316057
1224	316057
1224	316057
1224	316057
1224	316057
1224	316057
1224	316057
1224	316057
1224	316057
1224	316057
1224	316057
1224	316057
1224	316057
1224	316057
1224	316057
1224	316057
1224	316057
201174	316057
1224	316057
1224	316057
1224	316057
1224	316057
33154	316057
1224	316057
1224	316057
1224	316057
1224	316057
1224	316057
1224	316057
1224	316057
1224	316057
1224	316057
1224	316057
1224	316057
1224	316057
1224	316057
1224	316057
1224	316057
1224	316057
1224	316057
201174	316057
1224	316057
1224	316057
1224	316057
1224	316057
1224	316057
1224	316057
1224	316057
1224	316057
1224	316057
1224	316057
1224	316057
1224	316057
1224	316057
1224	316057
1224	316057
1224	316057
1224	316057
1224	316057
1224	316057
1224	316057
131567	316057
1224	316057
1224	316057
1224	316057
1224	316057
201174	316057
1224	316057
1224	316057
1224	316057
1224	316057
1224	316057
1224	316057
1224	316057
1224	316057
1224	316057
1224	316057
1224	316057
1224	316057
1224	316057
1224	316057
1224	316057
1224	316057
1224	316057
1224	316057
1224	316057
1224	316057
201174	316057
1224	316057
1224	316057
1224	316057
1224	316057
1224	316057
1224	316057
1224	316057
1224	316057
1224	316057
1224	316057
1224	316057
1224	316057
1224	316057
1224	316057
1224	316057
1224	316057
1224	316057
1224	316057
1224	316057
1224	316057
1224	316057
1224	316057
1224	316057
1224	316057
1224	316057
1224	316057
1224	316057
1224	316057
1224	316057
1224	316057
1224	316057
1224	320388
1224	320388
33154	320388
33630	320388
1224	320388
1224	320388
1224	320388
1224	320388
1224	320388
1224	320388
1224	320388
1224	320388
1224	320388
1224	320388
1224	320388
1224	320388
1224	320388
1239	320388
1224	320388
1224	320388
1224	320388
33154	320388
1224	320388
1224	320388
1224	320388
1224	320388
33090	320388
1224	320388
1224	320388
33154	320388
1224	320388
201174	320388
1224	320388
1239	320388
1224	320388
1297	320388
1224	320388
1224	320388
1224	320388
33090	320388
1224	320388
1224	320388
1224	320388
1224	320388
201174	320388
1224	320388
1224	320388
1224	320388
1224	320388
1224	320388
2759	320388
201174	320388
1224	320388
1224	320388
1224	320388
1224	320388
1224	320388
1224	320388
1224	320388
1224	320388
1224	320388
1224	320388
1224	320388
1224	320388
1224	320388
1224	320388
33154	320388
1224	320388
1224	320388
1224	320388
1224	320388
1224	320388
1224	320388
1224	320388
1224	320388
1224	320388
201174	320388
1224	320388
1224	320388
1224	320388
1224	320388
1224	320388
1224	320388
1224	320388
1224	320388
1224	320388
1224	320388
1224	320388
1224	320388
1224	320388
1224	320388
1224	320388
1224	320388
1224	320388
1224	320388
1224	320388
1224	320388
1224	320388
1224	320388
1224	320388
1224	320388
1224	320388
1224	320388
1224	320388
1224	320388
1224	320388
1224	320388
1224	320388
1224	320388
1224	320388
1224	320388
1224	320388
1224	320388
1224	320388
1224	320388
1224	320388
1224	320388
1224	320388
1224	320388
1224	320388
1224	320388
1117	320388
1224	320388
1224	320388
1239	320388
1224	320388
1224	320388
1224	320388
1224	320388
1224	320388
33154	320388
1224	320388
1224	320388
1224	320388
1224	320388
1224	320388
1224	320388
1224	320388
1224	320388
1224	320388
1224	320388
1224	320388
1224	320388
1224	320388
1224	320388
1224	320388
201174	320388
1224	320388
1224	320388
1224	320388
1224	320388
1224	320388
1224	320388
1224	320388
1224	320388
1224	320388
1224	320388
1224	320388
1224	320388
1224	320388
1224	320388
1224	320388
1224	320388
1224	320388
1224	320388
1224	320388
1224	320388
1224	320388
1224	320388
1224	320388
1224	320388
1224	320388
1224	320388
1224	320388
1224	320388
201174	320388
2	320388
1224	320388
1224	320388
1224	320388
1224	320388
1224	320388
1224	320388
1224	320388
1224	320388
1224	320388
1224	320388
1224	320388
1224	320388
1224	320388
1224	320388
1224	320388
1224	320388
1224	320388
1224	320388
1224	320388
1224	320388
1224	320388
1224	320388
1224	320388
1224	320388
1224	320388
1224	320388
1224	320388
1224	320388
1224	320388
1224	320388
1224	320388
1224	320388
1224	320388
1224	320388
1224	320388
1224	320388
1224	320388
1224	320388
1224	320388
1224	320388
1224	320388
1224	320388
1224	320388
1224	320388
1224	320388
1224	320388
1224	320388
1224	320388
1224	320388
1224	320388
1224	320388
1224	320388
1224	320388
1224	320388
1224	320388
1224	320388
1224	320388
1224	320388
1224	320388
1224	320388
1224	320388
1239	320388
1224	320388
1224	381754
1224	381754
1224	381754
1224	381754
1224	381754
1224	381754
1224	381754
1224	381754
1224	381754
1224	381754
1224	381754
1224	381754
1224	381754
1224	381754
1224	381754
1224	381754
1224	381754
1224	381754
1224	381754
1224	381754
1224	381754
1224	381754
1224	381754
1224	381754
1224	381754
1224	381754
1224	381754
1224	381754
1224	381754
1224	381754
1224	381754
1224	381754
1224	381754
1224	381754
1224	381754
1224	381754
1224	381754
1224	381754
1224	381754
1224	381754
1224	381754
1224	381754
1224	381754
1224	381754
1224	381754
201174	381754
1224	381754
1224	381754
1224	381754
1224	381754
1224	381754
1224	381754
1224	381754
1224	381754
1224	381754
1224	381754
1224	381754
1224	381754
1224	381754
1224	381754
1224	381754
1224	381754
1224	381754
1224	381754
1224	381754
1224	381754
1224	381754
33090	381754
1224	381754
201174	381754
1224	381754
1224	381754
28890	381754
1224	381754
1224	381754
1224	381754
201174	381754
1224	381754
1239	381754
1224	381754
1224	381754
1224	381754
1224	381754
1224	381754
1224	381754
1224	381754
1224	381754
1224	381754
1224	381754
1224	381754
1224	381754
1224	381754
1224	381754
1224	381754
10860	381754
1224	381754
1224	381754
1224	381754
1224	381754
1224	381754
1224	381754
1224	381754
1224	381754
1224	381754
1224	381754
1224	381754
1224	381754
1224	381754
1224	381754
1224	381754
1224	381754
200783	381754
1224	381754
1224	381754
1224	381754
1224	381754
1224	381754
1224	381754
1224	381754
1224	381754
1224	381754
1224	381754
1224	381754
1224	381754
1224	381754
1224	381754
1224	381754
1224	381754
1224	381754
1224	381754
1224	381754
1224	381754
1224	381754
1224	381754
1224	381754
1224	381754
1224	381754
1224	381754
1224	381754
1224	381754
1224	381754
1224	381754
1224	381754
1224	381754
1224	381754
1224	381754
1224	381754
1224	381754
1224	381754
1224	381754
1224	381754
1224	381754
1224	381754
1224	381754
1224	381754
1224	381754
1224	381754
1224	381754
1224	381754
1224	381754
1224	381754
1224	381754
1224	381754
1224	381754
1224	381754
1224	381754
1224	381754
1224	381754
1224	381754
1224	381754
1224	381754
1224	381754
1224	381754
1224	381754
1239	381754
1224	381754
1224	381754
1224	381754
1224	381754
1239	381754
201174	381754
1224	381754
1224	381754
1224	381754
1224	381754
1224	381754
1224	381754
1224	381754
1224	381754
1224	381754
1224	381754
1224	381754
1224	381754
1224	381754
1224	381754
1224	381754
1224	381754
201174	381754
1224	381754
1224	381754
1224	381754
1224	381754
1224	381754
1224	381754
1224	381754
1224	381754
1224	381754
201174	381754
1224	381754
1224	381754
1224	381754
28883	381754
1239	381754
1224	381754
1224	381754
1224	381754
1224	381754
1224	381754
1224	381754
1224	381754
1239	381754
1224	381754
1224	381754
1224	381754
1224	381754
1224	381754
1224	381754
1224	381754
1224	381754
1224	381754
1224	381754
1224	381754
1224	381754
1224	381754
1224	381754
1224	381754
1224	381754
1224	381754
1224	381754
1224	381754
1224	381754
1224	381754
1224	381754
1224	381754
1224	381754
1224	381754
1239	381754
1224	381754
1224	381754
1224	381754
1224	381754
1239	381754
1224	381754
1224	381754
1224	381754
1224	381754
1224	381754
1224	381754
1224	381754
1224	381754
1224	381754
1224	381754
1224	381754
1224	381754
1224	381754
1239	381754
1224	381754
1224	381754
1224	381754
1224	381754
1224	381754
1224	381754
1224	381754
1224	381754
1224	381754
1224	381754
1224	381754
1224	381754
1224	381754
1224	381754
1224	381754
1224	381754
1224	381754
1224	381754
1224	381754
1224	381754
1224	381754
1224	381754
1224	381754
1224	381754
1224	381754
1224	381754
1224	381754
1224	381754
1224	381754
1224	381754
1224	381754
1224	381754
1224	381754
1224	381754
1224	381754
1224	381754
1224	381754
1224	381754
1224	381754
1224	381754
1224	381754
1224	381754
1224	381754
1224	381754
1224	381754
1224	381754
1224	381754
1224	381754
1224	381754
554915	381754
1224	381754
1224	381754
1224	381754
1224	381754
1224	381754
1224	381754
1224	381754
1224	381754
1239	381754
1224	381754
1224	381754
1224	381754
1224	381754
1224	381754
1224	381754
1224	381754
1224	381754
1224	381754
1224	381754
1224	381754
1224	381754
1224	381754
1224	381754
1224	381754
1239	381754
1224	381754
1224	381754
1224	381754
1224	381754
1224	381754
1224	381754
1224	381754
1224	381754
1224	381754
1224	381754
1224	381754
1224	381754
1224	381754
1224	381754
1224	381754
1224	381754
	381754
1224	381754
1224	381754
1224	381754
1224	381754
1224	381754
1224	381754
33154	381754
1224	381754
1224	381754
1224	381754
1224	381754
1224	381754
1224	381754
1224	381754
1224	381754
1224	381754
1224	381754
1224	381754
1224	381754
1224	381754
1224	381754
1224	381754
1224	381754
1224	381754
1224	381754
1224	381754
1224	381754
1224	381754
1224	381754
1224	381754
1224	381754
1224	381754
1239	381754
1224	381754
1224	381754
1224	381754
1224	381754
1224	381754
1224	381754
1224	381754
1224	381754
1224	381754
1224	381754
1224	381754
1224	381754
1224	381754
1224	381754
1224	381754
1224	381754
1224	381754
1224	381754
1224	381754
1224	381754
1224	381754
1224	381754
1224	381754
1224	381754
1224	381754
28883	381754
1224	381754
1224	381754
1224	381754
1224	381754
1239	381754
1224	381754
1224	381754
1224	381754
1224	381754
1224	381754
1224	381754
1224	381754
1224	381754
1224	381754
1224	381754
1224	381754
1224	381754
1224	381754
1224	381754
1224	381754
1224	381754
1224	381754
1224	381754
1224	381754
1224	381754
1224	381754
1224	381754
1239	381754
1224	381754
1224	387093
1224	387093
1224	387093
1224	387093
1224	387093
1224	387093
1224	387093
1224	387093
203691	387093
1224	387093
1224	387093
1224	387093
1224	387093
1224	387093
1224	387093
1224	387093
1224	387093
1239	387093
1224	387093
1224	387093
1224	387093
1224	387093
1224	387093
1224	387093
1224	387093
1224	387093
1224	387093
1224	387093
1224	387093
1224	387093
1224	387093
1224	387093
1224	387093
1224	387093
1224	387093
1224	387093
1224	387093
1239	387093
1239	387093
1224	387093
1224	387093
554915	387093
1224	387093
1224	387093
1239	387093
1224	387093
1224	387093
1224	387093
1224	387093
1224	387093
1224	387093
1224	387093
1224	387093
1224	387093
1224	387093
1224	387093
1224	387093
1224	387093
1239	387093
1224	387093
1239	387093
68336	387093
1224	387093
1224	387093
1224	387093
33154	387093
33154	387093
1224	387093
1224	387093
1224	387093
1224	387093
1224	387093
201174	387093
1224	387093
200783	387093
1224	387093
1224	387093
1224	387093
1224	387093
1224	387093
1224	387093
201174	387093
1224	387093
1224	387093
1224	387093
1224	387093
1224	387093
1224	387093
1224	387093
1224	387093
1224	387093
1224	387093
1224	387093
1224	387093
1224	387093
1224	387093
1224	387093
1224	387093
33090	387093
1224	387093
1224	387093
1117	387093
1224	387093
1224	387093
1224	387093
1224	387093
1224	387093
1224	387093
1239	387093
1224	387093
1224	387093
1224	387093
1239	387093
554915	387093
1224	387093
1224	387093
1224	387093
1224	387093
1224	387093
1224	387093
1224	387093
1224	387093
1224	387093
1224	387093
33154	387093
1239	357809
1239	357809
33154	357809
1239	357809
1239	357809
1239	357809
1239	357809
1224	357809
1239	357809
1239	357809
1239	357809
1239	357809
1239	357809
1239	357809
1239	357809
1239	357809
1239	357809
28890	357809
1239	357809
1239	357809
1239	357809
1239	357809
1239	357809
1239	357809
1239	357809
1239	357809
1239	357809
1239	357809
1239	357809
1239	357809
1239	357809
1239	357809
1239	357809
1239	357809
1239	357809
1239	357809
1239	357809
1224	357809
1239	357809
33090	357809
1224	357809
2	357809
1239	357809
1239	357809
1224	357809
1239	357809
1224	357809
1239	357809
1239	357809
1239	357809
1239	357809
1239	357809
2	357809
1239	357809
544448	357809
1239	357809
1239	357809
1239	357809
1239	357809
1239	357809
1239	357809
1239	357809
40117	357809
1239	357809
1239	357809
201174	357809
1239	357809
1239	357809
203691	357809
1239	357809
203691	357809
1239	357809
2	357809
1239	357809
1239	357809
1239	357809
1239	357809
1239	357809
1224	357809
1239	357809
1239	357809
1239	357809
1239	357809
1239	357809
1239	357809
1239	357809
1239	357809
1224	357809
1239	357809
1239	357809
1224	357809
1239	357809
1239	357809
1239	357809
1239	357809
1224	357809
1224	357809
1239	357809
1224	357809
1239	357809
1239	357809
1239	357809
1239	357809
1239	357809
1224	357809
1239	357809
1239	357809
1239	357809
1239	357809
1239	357809
1239	357809
1224	357809
1224	357809
1239	357809
1239	357809
1239	357809
1239	357809
1239	357809
1224	357809
1239	357809
1239	357809
1239	357809
1239	357809
33630	357809
1239	357809
1239	357809
1239	357809
1239	357809
1224	357809
1239	357809
1239	357809
1239	357809
1239	357809
200918	357809
40117	357809
1224	357809
1239	357809
1239	357809
201174	357809
201174	357809
1239	357809
1239	357809
1239	357809
1239	357809
1224	357809
1239	357809
51290	357809
1239	357809
1239	357809
68336	357809
1239	357809
1239	357809
1239	357809
1224	357809
1239	357809
1224	357809
1239	357809
2	357809
68336	357809
1239	357809
544448	357809
1239	357809
1239	357809
1239	357809
1239	357809
1239	357809
1239	357809
1239	357809
1239	357809
1239	357809
1224	395019
1224	395019
1224	395019
1224	395019
1224	395019
1224	395019
1224	395019
1224	395019
1224	395019
1224	395019
1224	395019
1239	395019
1224	395019
1224	395019
1224	395019
1224	395019
1224	395019
1224	395019
1224	395019
1224	395019
33154	395019
1224	395019
1239	395019
1224	395019
1224	395019
201174	395019
1117	395019
1224	395019
1224	395019
1224	395019
1224	395019
544448	395019
1239	395019
1224	395019
1224	395019
2	395019
1224	395019
1224	395019
33154	395019
1224	395019
2	395019
1224	395019
131567	395019
1224	395019
1224	395019
201174	395019
1224	395019
1117	395019
1224	395019
1224	395019
1224	395019
1224	395019
1224	395019
1224	395019
1224	395019
1224	395019
1224	395019
1224	395019
1224	395019
1224	395019
1224	395019
1224	395019
33154	395019
1224	395019
1224	395019
1224	395019
1224	395019
1224	395019
1224	395019
28883	395019
131567	395019
1224	395019
1224	395019
1224	395019
1224	395019
1224	395019
201174	395019
201174	395019
1224	395019
1224	395019
1224	395019
1224	395019
1224	395019
1224	395019
1224	395019
1224	395019
1224	395019
1224	395019
2763	395019
1224	395019
1224	395019
1224	395019
1224	395019
1224	395019
201174	395019
1224	395019
1224	395019
1224	395019
1224	395019
1224	395019
1224	395019
1224	395019
1224	395019
201174	395019
1224	395019
1224	395019
1224	395019
1224	395019
1224	395019
1224	395019
1224	395019
1224	395019
1224	395019
1224	395019
203691	395019
1224	395019
1224	395019
1224	395019
1224	395019
1224	395019
1224	395019
1224	395019
1224	395019
1224	395019
1224	395019
1224	395019
1224	395019
1224	395019
1224	395019
1224	395019
1224	395019
1224	395019
1224	395019
33154	395019
1224	395019
1224	395019
1224	395019
1224	395019
1224	395019
1224	395019
1224	395019
1224	395019
1224	395019
1224	395019
1224	395019
1224	395019
1224	395019
1224	395019
1224	395019
1224	395019
1224	395019
1224	395019
1224	395019
1224	395019
28890	395019
1224	395019
1224	395019
1224	395019
28890	395019
1224	395019
51290	395019
33090	395019
1224	395019
1224	395019
1224	395019
1224	395019
1224	395019
1224	395019
1224	395019
1224	395019
1224	395019
1224	395019
1224	395019
1224	395019
1224	395019
1224	395019
1224	395019
33154	395019
1224	395019
1224	395019
1239	395019
1224	395019
1224	395019
1224	395019
1224	395019
1224	395019
1224	395019
1224	395019
1224	395019
1224	395019
1224	395019
1224	395019
1224	395019
1224	395019
1224	395019
2	395019
1224	395019
1224	395019
1224	395019
1224	395019
1224	395019
1224	395019
1224	395019
1239	395019
1224	395019
1224	395019
1224	395019
1224	395019
1224	395019
1224	395019
1224	395019
1224	395019
1224	395019
1224	395019
1224	395019
1224	395019
1224	395019
1224	395019
33090	395019
1224	395019
1224	395019
1224	395019
1224	395019
1224	395019
203691	395019
1224	395019
1224	395019
1224	395019
1224	395019
1224	395019
1224	395019
1224	395019
1224	395019
1224	395019
1224	395019
1224	395019
1224	395019
1224	395019
1224	395019
1224	395019
1224	395019
1224	395019
1224	395019
1224	395019
1224	395019
1224	395019
1224	395019
1224	395019
1224	395019
554915	395019
1224	395019
1224	395019
1224	395019
1224	395019
1224	395019
1224	395019
1224	395019
1224	395019
1224	395019
1224	395019
1224	395019
1224	395019
1224	395019
1224	395019
1224	395019
1224	395019
1224	395019
1224	395019
1224	395019
1224	395019
1224	395019
1224	395019
1239	395019
1224	395019
1224	395019
1224	395019
1224	395019
1224	395019
1224	395019
1224	395019
33154	395019
1224	395019
1224	395019
1224	395019
1224	395019
1224	395019
1224	395019
1224	395019
1224	395019
1297	395019
1239	395019
1224	395019
554915	395019
1224	395019
1224	395019
1224	395019
1224	395019
1224	395019
1224	395019
1224	395019
1224	395019
1224	395019
1224	395019
1224	395019
1224	395019
1224	395019
1224	395019
1224	395019
1224	395019
201174	36809
201174	36809
201174	36809
201174	36809
201174	36809
201174	36809
201174	36809
201174	36809
201174	36809
201174	36809
201174	36809
201174	36809
201174	36809
201174	36809
201174	36809
201174	36809
201174	36809
201174	36809
201174	36809
201174	36809
201174	36809
201174	36809
201174	36809
201174	36809
201174	36809
1224	36809
201174	36809
201174	36809
201174	36809
201174	36809
201174	36809
201174	36809
201174	36809
201174	36809
201174	36809
1224	36809
201174	36809
1224	36809
201174	36809
201174	36809
201174	36809
201174	36809
201174	36809
201174	36809
201174	36809
201174	36809
201174	36809
201174	36809
201174	36809
201174	36809
201174	36809
1239	36809
201174	36809
201174	36809
201174	36809
201174	36809
201174	36809
201174	36809
1239	36809
201174	36809
201174	36809
201174	36809
201174	36809
201174	36809
201174	36809
201174	36809
201174	36809
201174	36809
201174	36809
201174	36809
201174	36809
201174	36809
201174	36809
201174	36809
201174	36809
201174	36809
201174	36809
201174	36809
201174	36809
201174	36809
201174	36809
201174	36809
201174	36809
201174	36809
201174	36809
201174	36809
201174	36809
201174	36809
201174	36809
201174	36809
201174	36809
201174	36809
201174	36809
201174	36809
201174	36809
201174	36809
201174	36809
201174	36809
201174	36809
201174	36809
201174	36809
1224	36809
201174	36809
201174	36809
33154	36809
201174	36809
201174	36809
201174	36809
201174	36809
201174	36809
201174	36809
201174	36809
201174	36809
201174	36809
201174	36809
201174	36809
201174	36809
201174	36809
201174	36809
201174	36809
201174	36809
201174	36809
201174	36809
201174	36809
201174	36809
201174	36809
201174	36809
201174	36809
201174	36809
201174	36809
201174	36809
201174	36809
201174	36809
201174	36809
33090	36809
201174	36809
201174	36809
201174	36809
201174	36809
201174	36809
201174	36809
201174	36809
201174	36809
201174	36809
201174	36809
1224	36809
201174	36809
201174	36809
201174	36809
201174	36809
201174	36809
1239	36809
201174	36809
201174	36809
201174	36809
201174	36809
201174	36809
201174	36809
201174	36809
201174	36809
201174	36809
201174	36809
1239	36809
201174	36809
2	36809
201174	36809
201174	36809
1224	36809
201174	36809
201174	36809
201174	36809
201174	36809
201174	36809
201174	36809
201174	36809
201174	36809
201174	36809
201174	36809
201174	36809
201174	36809
201174	36809
201174	36809
201174	36809
201174	36809
201174	36809
2759	36809
201174	36809
201174	36809
201174	36809
201174	36809
201174	36809
201174	36809
1224	36809
201174	36809
201174	36809
201174	36809
201174	36809
201174	36809
201174	36809
1239	36809
1239	36809
201174	36809
201174	36809
201174	36809
201174	36809
201174	36809
201174	36809
201174	36809
201174	36809
201174	36809
201174	36809
201174	36809
33090	36809
201174	36809
201174	36809
201174	36809
201174	36809
201174	36809
201174	36809
201174	36809
201174	36809
201174	36809
33154	36809
201174	36809
201174	36809
201174	36809
201174	36809
201174	36809
201174	36809
1224	36809
201174	36809
201174	36809
201174	36809
201174	36809
33154	36809
201174	36809
1239	36809
201174	36809
201174	36809
201174	36809
201174	36809
201174	36809
201174	36809
201174	36809
201174	36809
33154	36809
201174	36809
1239	36809
201174	36809
201174	36809
201174	36809
201174	36809
1117	43989
1117	43989
1224	43989
1117	43989
1117	43989
1117	43989
1117	43989
1117	43989
1117	43989
1117	43989
1117	43989
1117	43989
1117	43989
33090	43989
1117	43989
1117	43989
131567	43989
1117	43989
1117	43989
1117	43989
1117	43989
1117	43989
1117	43989
1117	43989
1117	43989
1117	43989
1117	43989
1117	43989
33154	43989
1117	43989
33090	43989
1117	43989
1117	43989
1117	43989
1117	43989
1117	43989
1117	43989
1117	43989
1117	43989
33090	43989
1117	43989
1117	43989
1117	43989
1117	43989
1117	43989
2	43989
1117	43989
1117	43989
33090	43989
1117	43989
33090	43989
1117	43989
1117	43989
1117	43989
1117	43989
1224	43989
1224	43989
1117	43989
1117	43989
1117	43989
1117	43989
1117	43989
1117	43989
1117	43989
1117	43989
1117	43989
1117	43989
1117	43989
1117	43989
1117	43989
1117	43989
1117	43989
1117	43989
1117	43989
2759	43989
1239	43989
203682	43989
1117	43989
1117	43989
28890	43989
1117	43989
1117	43989
2763	43989
1224	43989
1117	43989
1117	43989
1117	43989
1117	43989
1117	43989
1117	43989
1117	43989
1117	43989
1117	43989
1224	43989
1117	43989
1117	43989
2763	43989
1117	43989
554915	43989
1117	43989
1117	43989
33090	43989
1117	43989
1117	43989
1117	43989
1117	43989
1117	43989
1117	43989
1117	43989
1117	43989
1239	43989
1117	43989
1117	43989
1117	43989
1117	43989
1117	43989
1117	43989
1117	43989
1117	43989
1117	43989
1117	43989
1117	43989
1117	43989
1117	43989
1117	43989
1117	43989
2759	43989
201174	43989
1117	43989
1117	43989
1224	43989
1117	43989
1117	43989
1117	43989
1117	43989
1117	43989
1117	43989
1117	43989
1117	43989
1117	43989
1117	43989
1117	43989
1117	43989
1117	43989
1117	43989
1117	43989
1117	43989
1117	43989
33090	43989
1117	43989
1117	43989
1117	43989
1117	43989
1117	43989
1117	43989
1224	43989
1117	43989
1117	43989
1117	43989
1117	43989
1117	43989
1117	43989
28890	43989
1117	43989
1117	43989
1117	43989
201174	43989
1117	43989
1117	43989
1117	43989
1117	43989
1117	43989
1117	43989
1117	43989
1117	43989
1117	43989
33154	43989
1117	43989
1117	43989
1117	43989
1224	43989
1117	43989
1117	43989
1239	43989
1117	43989
1117	43989
1117	43989
33090	43989
1117	43989
1117	43989
1117	43989
33090	43989
1117	43989
1117	43989
1117	43989
1117	43989
1117	43989
1239	43989
2	43989
1117	43989
2759	43989
1117	43989
1117	43989
1117	43989
1117	43989
1117	43989
1117	43989
1117	43989
1117	43989
1117	43989
1117	43989
1117	43989
33154	43989
33154	43989
1117	43989
1117	43989
1117	43989
1117	43989
1117	43989
554915	43989
1117	43989
1224	43989
1117	43989
1117	43989
1117	43989
1117	43989
1117	43989
1117	43989
1117	43989
1117	43989
201174	43989
1224	43989
33154	43989
1224	344609
1224	344609
1224	344609
1224	344609
1224	344609
1224	344609
1224	344609
1224	344609
1224	344609
1224	344609
1224	344609
1224	344609
1224	344609
28883	344609
1224	344609
1224	344609
1224	344609
1224	344609
1224	344609
1224	344609
1224	344609
1224	344609
1224	344609
1224	344609
1224	344609
1224	344609
1224	344609
1224	344609
1224	344609
1224	344609
1224	344609
1224	344609
1224	344609
1224	344609
1224	344609
1224	344609
1224	344609
1224	344609
1224	344609
201174	344609
1224	344609
1224	344609
1224	344609
1224	344609
1224	344609
1224	344609
1224	344609
1224	344609
1224	344609
1224	344609
1224	344609
1224	344609
1224	344609
1224	344609
1224	344609
1224	344609
1224	344609
1224	344609
1224	344609
1224	344609
1224	344609
1224	344609
1224	344609
1224	344609
1224	344609
1224	344609
1224	344609
1224	344609
1224	344609
1224	344609
1224	344609
1224	344609
1224	344609
1224	344609
1224	344609
1224	344609
1224	344609
1224	344609
1224	344609
1224	344609
1224	344609
1224	344609
1224	344609
1224	344609
1224	344609
1224	344609
1224	344609
1224	344609
1224	344609
1224	344609
28883	344609
1224	344609
1224	344609
1224	344609
1224	344609
1224	344609
1224	344609
1224	344609
1224	344609
1224	344609
1224	344609
1224	344609
1224	344609
1224	344609
1224	344609
1224	344609
1224	344609
1224	344609
1224	344609
1224	344609
1224	344609
1224	344609
1224	344609
1224	344609
1224	344609
1224	344609
1224	344609
1224	344609
1224	344609
1224	344609
1224	344609
1224	344609
1224	344609
1224	344609
1224	344609
1224	344609
1224	344609
1224	344609
1224	344609
1224	344609
1224	344609
1224	344609
1224	344609
1224	344609
1224	344609
1224	344609
1224	344609
1224	344609
1224	344609
1224	344609
1224	344609
1224	344609
1224	344609
1224	344609
1224	344609
1224	344609
1224	344609
1224	344609
1224	344609
1224	344609
1224	344609
1224	344609
1224	344609
1224	344609
1224	344609
1224	344609
1224	344609
1224	344609
1224	344609
1224	344609
1224	344609
1224	344609
1224	344609
1224	344609
1224	344609
1224	344609
1224	344609
1224	344609
1224	344609
1224	344609
1224	344609
1224	344609
1224	344609
1224	344609
1224	344609
1224	344609
1224	344609
1224	344609
1224	344609
1224	344609
1224	344609
1224	344609
1224	344609
1224	344609
1224	344609
1224	344609
1224	344609
1224	344609
1224	344609
1224	344609
1224	344609
1224	344609
1224	344609
1224	344609
1224	344609
1224	344609
1224	344609
1224	344609
1224	344609
1224	344609
1224	344609
1224	344609
1224	344609
1224	344609
1224	344609
1224	344609
1224	344609
1224	344609
1224	344609
1224	344609
1224	344609
1224	344609
1224	344609
1224	344609
1224	344609
1224	344609
1224	344609
1224	344609
1224	344609
1224	344609
1224	344609
1224	344609
1224	344609
1224	344609
1224	344609
1224	344609
1224	344609
1224	344609
1224	344609
1224	344609
1224	344609
1224	344609
1224	344609
1224	344609
1224	344609
1224	344609
1224	344609
1224	344609
1224	344609
1224	344609
1224	344609
1224	344609
1224	344609
1224	344609
1224	344609
1224	344609
1224	344609
1224	344609
1224	344609
1224	344609
1224	344609
1224	344609
1224	344609
1224	344609
1224	344609
1224	344609
1224	344609
1224	344609
1224	344609
1224	344609
1224	344609
1224	344609
1224	344609
1224	344609
1224	344609
1224	344609
1224	344609
1224	344609
1224	344609
1224	344609
1224	344609
1224	344609
1224	344609
1224	344609
1224	344609
1224	344609
1224	344609
1224	344609
1224	344609
1224	344609
1224	344609
1224	344609
1224	344609
1224	344609
1224	344609
1224	344609
1224	344609
1224	344609
1224	344609
1224	344609
1224	344609
1224	344609
1224	344609
1224	344609
1224	344609
1224	344609
1224	344609
1224	344609
28883	344609
1224	344609
1224	344609
1224	344609
1224	344609
1224	344609
1224	344609
1224	344609
1224	344609
1224	344609
1224	344609
1224	344609
1224	344609
1224	344609
1224	344609
1224	344609
1224	344609
1224	344609
1224	344609
1224	344609
1224	344609
1224	344609
1224	344609
1224	344609
1224	344609
1224	344609
1224	344609
1224	344609
1224	344609
1224	344609
1224	344609
1224	344609
1224	344609
1224	344609
1224	344609
28883	344609
1224	344609
1224	344609
1224	344609
1224	344609
1224	344609
1224	344609
28883	344609
1224	344609
1224	344609
1224	344609
1224	344609
1224	344609
1224	344609
1224	344609
1224	344609
1224	344609
1224	344609
1224	344609
1224	344609
1224	344609
1224	344609
1224	344609
1224	344609
1224	344609
1224	344609
1224	344609
1224	344609
1224	344609
1224	344609
1224	344609
1224	344609
1224	344609
1224	344609
1224	344609
1224	344609
1224	344609
1224	344609
1224	344609
1224	344609
1224	344609
1224	344609
1224	344609
1224	344609
1224	344609
1224	344609
1224	344609
1224	344609
1224	344609
28883	344609
1224	344609
1224	344609
1224	344609
1224	344609
1224	344609
1224	344609
1224	344609
1224	344609
1224	344609
1224	344609
1224	344609
1224	344609
1224	344609
1224	344609
1224	344609
1224	344609
1224	344609
1224	344609
1224	344609
1224	344609
1224	344609
1224	344609
1224	344609
1224	344609
1224	344609
1224	344609
1224	344609
1224	344609
1224	344609
1224	344609
1224	344609
1224	344609
1224	344609
1224	344609
1224	344609
1224	344609
1224	344609
1224	344609
1224	344609
1224	344609
1224	344609
1224	344609
1224	344609
1224	344609
1224	344609
1224	344609
1224	344609
1224	344609
1224	344609
1224	344609
1224	344609
1224	344609
1224	344609
1224	344609
1224	344609
1224	344609
1224	344609
1224	344609
1224	344609
1224	344609
1224	344609
1224	344609
1224	344609
1224	344609
1224	344609
1224	344609
1224	344609
1224	344609
1224	344609
1224	344609
1224	344609
1224	344609
1224	344609
1224	344609
1224	344609
1224	344609
1224	344609
1224	344609
1224	344609
1224	344609
1224	344609
1224	344609
1224	344609
1224	344609
1224	344609
1224	344609
1224	344609
1	344609
1224	344609
1224	344609
1224	344609
1224	344609
1224	344609
1224	344609
1224	344609
1224	344609
1224	344609
1224	344609
1224	344609
1224	344609
1224	344609
1224	344609
1224	344609
1224	344609
1224	344609
1224	344609
1224	344609
1224	344609
1224	344609
1224	344609
1224	344609
1224	344609
1224	344609
1224	344609
1224	344609
1224	344609
1224	344609
1224	344609
1224	344609
1224	344609
1224	344609
1224	344609
1224	344609
1224	344609
1224	344609
1224	344609
1224	344609
1224	344609
1224	344609
1224	344609
1224	344609
1224	344609
1224	344609
1224	344609
1224	344609
1224	344609
1224	344609
1224	344609
1224	344609
28883	344609
1224	344609
1224	344609
1224	344609
1224	344609
1224	344609
1224	344609
1224	344609
1224	344609
1224	344609
1224	344609
1224	344609
1224	344609
1224	344609
1224	344609
1224	344609
1224	344609
1224	344609
1224	344609
1224	344609
1224	344609
1224	344609
1224	344609
1224	344609
1224	344609
1224	344609
1224	344609
1224	344609
1224	344609
1224	344609
1224	344609
1224	344609
1224	344609
1224	344609
201174	344609
1224	344609
1224	344609
1224	344609
1224	344609
1224	344609
1224	344609
1224	344609
1224	344609
1224	344609
1224	344609
1224	344609
1224	344609
1224	344609
1224	344609
1224	344609
1224	344609
1224	344609
1224	344609
1224	344609
1224	344609
1224	344609
1224	344609
1224	344609
1224	344609
1224	344609
1224	344609
1224	344609
1224	344609
1224	344609
1224	344609
1224	344609
1224	344609
1224	344609
1224	344609
1224	344609
1224	344609
1224	344609
1224	344609
1224	344609
1224	344609
1224	344609
1224	344609
1224	344609
1224	344609
1224	344609
1224	344609
1224	344609
28883	344609
1224	344609
1224	344609
1224	344609
1224	344609
1224	344609
1224	344609
1224	344609
1224	344609
1224	344609
1224	344609
1224	344609
1224	344609
1224	344609
1224	344609
1224	344609
1224	344609
1224	344609
1224	344609
1224	344609
1224	344609
1224	344609
1224	344609
1224	344609
1224	344609
1224	344609
1224	344609
1224	344609
1224	344609
1224	344609
1224	344609
1224	344609
1224	344609
1224	344609
1224	344609
1224	344609
1224	344609
1224	344609
1224	344609
1224	344609
1224	344609
1224	344609
1224	344609
1224	344609
1224	344609
1224	344609
1224	344609
1224	344609
1224	344609
1224	344609
1224	344609
1224	344609
1224	344609
1224	344609
1224	344609
1224	344609
1224	344609
1224	344609
1224	344609
1224	344609
1224	344609
1224	344609
1224	344609
1224	344609
1224	344609
1224	344609
1224	344609
1224	344609
1224	344609
1224	344609
1224	344609
1224	344609
1224	344609
1224	344609
1224	344609
1224	344609
1224	344609
1224	344609
1224	344609
1224	344609
1224	344609
1224	344609
1224	344609
1224	344609
1224	344609
1224	344609
1224	344609
1224	344609
1224	344609
1224	344609
1224	344609
1224	344609
1224	344609
1224	344609
1224	344609
1224	344609
1224	344609
1224	344609
1224	344609
1224	344609
1224	344609
1224	344609
1224	344609
1224	344609
1224	344609
1224	344609
1224	344609
1224	344609
1224	344609
1224	344609
1224	344609
1224	344609
1224	344609
1224	344609
1224	344609
1224	344609
1224	344609
1224	344609
1224	344609
1224	344609
1224	344609
1224	344609
1224	344609
1224	344609
1224	344609
1224	344609
1224	344609
1224	344609
1224	344609
1224	344609
1224	344609
1224	344609
1224	344609
1224	344609
1224	344609
1224	344609
1224	344609
1224	344609
1224	344609
1224	344609
1224	344609
1224	344609
1224	344609
1224	344609
1224	344609
1224	344609
1224	344609
1224	344609
1224	344609
1224	344609
1224	344609
1224	344609
1224	344609
1224	344609
1224	344609
1224	344609
1224	344609
1224	344609
1224	344609
1224	344609
1224	344609
1224	344609
1224	344609
1224	344609
1224	344609
1224	344609
1224	344609
1224	344609
1224	344609
1224	344609
1224	344609
1224	344609
1224	344609
1224	344609
1224	344609
1224	344609
1224	344609
1224	344609
1224	344609
1224	344609
1224	344609
1224	344609
1224	344609
1224	344609
1224	344609
1224	344609
1224	344609
1224	344609
1224	344609
1224	344609
1224	344609
1224	344609
1224	344609
1224	344609
1224	344609
1224	344609
1224	344609
1224	344609
1224	344609
1224	344609
1224	344609
1224	344609
1224	344609
1224	344609
1224	344609
1224	344609
1224	344609
1224	344609
1224	344609
1224	344609
1224	344609
1224	344609
1224	344609
1224	344609
1224	344609
1224	344609
1224	344609
1224	344609
1224	344609
1224	344609
1224	344609
1224	344609
1224	344609
1224	344609
1224	344609
1224	344609
1224	344609
1224	344609
1224	344609
1224	344609
1224	344609
1224	344609
1224	344609
1224	344609
1224	344609
1224	344609
1224	344609
1224	344609
1224	344609
1224	344609
1224	344609
1224	344609
1224	344609
1224	344609
1224	344609
1224	344609
1224	344609
1224	344609
1224	344609
1224	344609
1224	344609
1224	344609
1224	344609
1224	344609
1224	344609
1224	344609
1224	344609
1224	344609
1224	344609
1224	344609
1224	344609
1224	344609
1224	344609
1224	344609
1224	344609
1224	344609
1224	344609
1224	344609
1224	344609
1224	344609
1224	344609
1224	344609
1224	344609
1224	344609
1224	344609
1224	344609
1224	344609
1224	344609
1224	344609
1224	344609
1224	344609
1224	344609
1224	344609
1224	344609
1224	344609
1224	344609
1224	344609
1224	344609
1224	344609
1224	344609
28883	344609
1224	344609
1224	344609
1224	344609
1224	344609
1224	344609
1224	344609
1224	344609
1224	344609
1224	344609
1224	344609
1224	344609
1224	344609
1224	344609
1224	344609
1224	344609
1224	344609
1224	344609
1224	344609
1224	344609
1224	344609
1224	344609
1224	344609
1224	344609
1224	344609
1224	344609
1224	344609
1224	344609
33154	334380
1224	334380
1224	334380
1224	334380
1224	334380
1224	334380
1224	334380
1224	334380
1224	334380
1224	334380
200783	334380
1224	334380
1224	334380
33154	334380
1224	334380
1224	334380
1224	334380
1224	334380
1224	334380
1224	334380
1224	334380
1224	334380
1224	334380
1224	334380
1224	334380
1224	334380
1224	334380
1224	334380
1224	334380
1224	334380
1224	334380
1224	334380
1224	334380
1224	334380
1224	334380
1224	334380
1224	334380
33154	334380
1224	334380
1224	334380
1224	334380
1224	334380
1224	334380
1224	334380
1224	334380
1117	334380
1224	334380
1224	334380
1224	334380
2	334380
1224	334380
1224	334380
1224	334380
1224	334380
1224	334380
1224	334380
1224	334380
1224	334380
1239	512566
1239	512566
1239	512566
1239	512566
1239	512566
1239	512566
1239	512566
1239	512566
1239	512566
1239	512566
1239	512566
1239	512566
1239	512566
1239	512566
1239	512566
1239	512566
1239	512566
1239	512566
1239	512566
1239	512566
1239	512566
1239	512566
1239	512566
1239	512566
1239	512566
1239	512566
1239	512566
1239	512566
1239	512566
1239	512566
1239	512566
1239	512566
1239	512566
1239	512566
1224	512566
1239	512566
1239	512566
1239	512566
1239	512566
1239	512566
1239	512566
1239	512566
1239	512566
1239	512566
1239	512566
1239	512566
1239	512566
1239	512566
1239	512566
1239	512566
1239	512566
1239	512566
1239	512566
1239	512566
1239	512566
1239	512566
1239	512566
1239	512566
1239	512566
1239	512566
1239	512566
1239	512566
1239	512566
1239	512566
1239	512566
1239	512566
1239	512566
1239	512566
1239	512566
1239	512566
1239	512566
1239	512566
1239	512566
1239	512566
1239	512566
1239	512566
1239	512566
1239	512566
1239	512566
1239	512566
1239	512566
1239	512566
1239	512566
1239	512566
1239	512566
1239	512566
1239	512566
1239	512566
1239	512566
1239	512566
1239	512566
1239	512566
1239	512566
1239	512566
1239	512566
1239	512566
1239	512566
1239	512566
1239	512566
1239	512566
1239	512566
1239	512566
1239	512566
1239	512566
1239	512566
1239	512566
1239	512566
1239	512566
1239	512566
1239	512566
1224	512566
1239	512566
1239	512566
1239	512566
1239	512566
1239	512566
1239	512566
1239	512566
1239	512566
1239	512566
1239	512566
1239	512566
1239	512566
1224	512566
1224	512566
1239	512566
1239	512566
1239	512566
1239	512566
1239	512566
1239	512566
1239	512566
1239	512566
1239	512566
1239	512566
1239	512566
1239	512566
1239	512566
1239	512566
1239	512566
1239	512566
1239	512566
1239	512566
1239	512566
1239	512566
1239	512566
1239	512566
1239	512566
1239	512566
1239	512566
1239	512566
1239	512566
1239	512566
1239	512566
1239	512566
1239	512566
1239	512566
1224	512566
1239	512566
1239	512566
1239	512566
1239	512566
1239	512566
1239	512566
1239	512566
1239	512566
1239	512566
1239	512566
1239	512566
1239	512566
1239	512566
1239	512566
1239	512566
1239	512566
1239	512566
1239	512566
1239	512566
1239	512566
1224	316275
1224	316275
1224	316275
1224	316275
1224	316275
1224	316275
1224	316275
1224	316275
1224	316275
1224	316275
1224	316275
1224	316275
1224	316275
1224	316275
1224	316275
1224	316275
1224	316275
1224	316275
1224	316275
1224	316275
1224	316275
1224	316275
1224	316275
1224	316275
1224	316275
1224	316275
1224	316275
1224	316275
1224	316275
1224	316275
1224	316275
1224	316275
1224	316275
1224	316275
1224	316275
1224	316275
1224	316275
1224	316275
1224	316275
1224	316275
1224	316275
1224	316275
1224	316275
1224	316275
1224	316275
1224	316275
1224	316275
1224	316275
1224	316275
1224	316275
1224	316275
1224	316275
1224	316275
1224	316275
1224	316275
1224	316275
1224	316275
1224	316275
1224	316275
1224	316275
1224	316275
1224	316275
1224	316275
1224	316275
1224	316275
1224	316275
1224	316275
1224	316275
1224	316275
1224	316275
1224	316275
1224	316275
1224	316275
1224	316275
1224	316275
1224	316275
1224	316275
1224	316275
1224	316275
1224	316275
1224	316275
1224	316275
1224	316275
1224	316275
1224	316275
1224	316275
1224	316275
1224	316275
1224	316275
1224	316275
1224	316275
1224	316275
1224	316275
1224	316275
1224	316275
1224	316275
1224	316275
1224	316275
1224	316275
1224	316275
1224	316275
1224	316275
1224	316275
1224	316275
1224	316275
1224	316275
1224	316275
1224	316275
1224	316275
1224	316275
1224	316275
1224	316275
1224	316275
1224	316275
1224	316275
1239	316275
1224	316275
1224	316275
1224	316275
1224	316275
1224	316275
1224	316275
1224	316275
1224	316275
1224	316275
1224	316275
1224	316275
1224	316275
1224	316275
1224	316275
1224	316275
1224	316275
1224	316275
1224	316275
1224	316275
1224	316275
1224	316275
1224	316275
1224	316275
1224	316275
1224	316275
1224	316275
1224	316275
1224	316275
1224	316275
1224	316275
1224	316275
1224	316275
1224	316275
1224	316275
1224	316275
1224	316275
1239	316275
1224	316275
1224	316275
1224	316275
1224	316275
1224	316275
1224	316275
1224	316275
1239	316275
1224	316275
1224	316275
1224	316275
1224	316275
1224	316275
1224	316275
1224	316275
1224	316275
1224	316275
1224	316275
2	316275
1224	316275
1224	316275
1224	316275
1224	316275
1224	316275
1224	316275
1224	316275
1224	316275
1224	316275
1224	316275
1224	316275
1224	316275
1224	316275
68336	316275
1224	316275
1224	316275
1224	316275
1224	316275
1224	316275
1224	316275
1224	316275
1224	316275
1224	316275
1224	316275
1224	316275
1224	316275
1224	316275
1224	316275
131567	316275
1224	316275
1224	316275
1224	316275
1224	316275
1224	316275
1224	316275
1224	316275
1224	316275
1224	316275
1224	316275
1224	316275
1224	316275
1224	316275
1224	316275
1224	316275
1224	316275
1224	316275
1224	316275
1224	316275
1224	316275
1224	316275
1224	316275
1224	316275
1224	316275
1224	316275
1224	316275
1224	316275
1224	316275
1224	316275
1224	316275
1224	316275
1224	316275
1224	316275
1224	316275
1224	316275
1224	316275
1224	316275
1224	316275
1224	316275
1224	316275
2	316275
1224	316275
1224	316275
1224	316275
1224	316275
1224	316275
1224	316275
1224	316275
1224	316275
1224	316275
1224	316275
1224	316275
1224	316275
1224	316275
1224	316275
1224	316275
1224	316275
1224	316275
1224	316275
1224	316275
1224	316275
1224	316275
1224	316275
1224	316275
1224	316275
1224	316275
1224	316275
1224	316275
1224	316275
1224	316275
1224	316275
1224	316275
1224	316275
1224	316275
1224	316275
1224	316275
1224	316275
1224	316275
1224	316275
1224	316275
1224	316275
1224	316275
1224	316275
1224	316275
1224	316275
68336	316275
33154	316275
1224	316275
201174	316275
33090	316275
1224	316275
1224	316275
1224	316275
1224	316275
1224	316275
1224	316275
1224	316275
1224	316275
1239	316275
1224	316275
1224	316275
1224	316275
1224	316275
1224	316275
1224	316275
1224	316275
1224	316275
1224	316275
1224	316275
1224	316275
1224	316275
1224	316275
1224	316275
1224	316275
1239	316275
1224	316275
1224	316275
1239	316275
1224	316275
1224	316275
1224	316275
1224	316275
1224	316275
1224	316275
1224	316275
1224	316275
1224	316275
1224	316275
1239	316275
1224	316275
1224	557723
1224	557723
1224	557723
1224	557723
1224	557723
33154	557723
1224	557723
1224	557723
1224	557723
1224	557723
1224	557723
1224	557723
1224	557723
1224	557723
1224	557723
1224	557723
1224	557723
1224	557723
1224	557723
1224	557723
1224	557723
1224	557723
1224	557723
1224	557723
1224	557723
1224	557723
1224	557723
1224	557723
1224	557723
1224	557723
1224	557723
1224	557723
1224	557723
1224	557723
1224	557723
1224	557723
1224	557723
1224	557723
1224	557723
1224	557723
1224	557723
1224	557723
1224	557723
1224	557723
1224	557723
1224	557723
1224	557723
1224	557723
1224	557723
1224	557723
1224	557723
1224	557723
1224	557723
1224	557723
1224	557723
1224	557723
1224	557723
1224	557723
1224	557723
1224	557723
1224	557723
1224	557723
1224	557723
1224	557723
1224	557723
1224	557723
1224	557723
1239	557723
1224	557723
1224	557723
1224	557723
1224	557723
1224	557723
1224	557723
1224	557723
1224	557723
1224	557723
1224	557723
1224	557723
1224	557723
1224	557723
1224	557723
1224	557723
1224	557723
1224	557723
1224	557723
1224	557723
1224	557723
1224	557723
1224	557723
1224	557723
1224	557723
1224	557723
1224	557723
1224	557723
1224	557723
1224	557723
1224	557723
1224	557723
1224	557723
1224	557723
1224	557723
1224	557723
1224	557723
1224	557723
1224	557723
1224	557723
1224	557723
1224	557723
1224	557723
1224	557723
1224	557723
1224	557723
1224	557723
1224	557723
1224	557723
1224	557723
1224	557723
1224	557723
1224	557723
1224	557723
1224	557723
1224	557723
1224	557723
1224	557723
1224	557723
1224	557723
1224	557723
1224	557723
1224	557723
1224	557723
1224	557723
1224	557723
1224	557723
1224	557723
1224	557723
1224	557723
1224	557723
1224	557723
1224	557723
1224	557723
1224	557723
1224	557723
1224	557723
1224	557723
1224	557723
1224	557723
1224	557723
1224	557723
1224	557723
1224	557723
1224	557723
1224	557723
1224	557723
1224	557723
1224	557723
1239	557723
1224	557723
1224	557723
1224	557723
1224	557723
1224	557723
1224	557723
1224	557723
1224	557723
1224	557723
1224	557723
1224	557723
1224	557723
1224	557723
1224	557723
1224	557723
1224	557723
1224	557723
1224	557723
1224	557723
1224	557723
2	557723
1224	557723
1224	557723
1224	557723
1224	557723
1224	557723
1224	557723
1224	557723
1224	557723
1224	557723
1224	557723
28883	557723
1224	557723
1224	557723
1224	557723
1224	557723
1224	557723
1224	557723
1224	557723
1224	557723
1224	557723
1224	557723
1224	557723
1224	557723
1224	557723
1224	557723
1224	557723
1224	557723
28883	557723
1224	557723
1224	557723
1224	557723
1224	557723
1224	557723
1224	557723
1224	557723
1224	557723
1224	557723
1224	557723
1224	557723
1224	557723
1224	557723
1224	557723
1224	557723
1224	557723
1224	557723
1224	557723
1224	557723
1224	557723
1224	557723
1224	557723
1224	557723
1224	557723
2	557723
1224	557723
1224	557723
1224	557723
1224	557723
1224	557723
33154	557723
1224	557723
1224	557723
1224	557723
1224	557723
1224	557723
1224	557723
1224	557723
1224	557723
1224	557723
1224	557723
1224	557723
1224	557723
1224	557723
1224	557723
1224	557723
1224	557723
1224	557723
1224	557723
1224	557723
33154	557723
1224	557723
1224	557723
1224	557723
1224	579112
1224	579112
1224	579112
1224	579112
1224	579112
1224	579112
1224	579112
1224	579112
1224	579112
1224	579112
1224	579112
1224	579112
1224	579112
1224	579112
1224	579112
1224	579112
1224	579112
1224	579112
1224	579112
1224	579112
1224	579112
1224	579112
1224	579112
1224	579112
1224	579112
1224	579112
1224	579112
1224	579112
1224	579112
1224	579112
1239	579112
1224	579112
1224	579112
1224	579112
1224	579112
1224	579112
1224	579112
1224	579112
1224	579112
1224	579112
33154	579112
1224	579112
1224	579112
1224	579112
1224	579112
1224	579112
1224	579112
1224	579112
1224	579112
1224	579112
1224	579112
1224	579112
1224	579112
1224	579112
1224	579112
1224	579112
1224	579112
1224	579112
1224	579112
1224	579112
1224	579112
1224	579112
1224	579112
1224	579112
1224	579112
1224	579112
1224	579112
1224	579112
1224	579112
1224	579112
1224	579112
1224	579112
1224	579112
1224	579112
1224	579112
1224	579112
1224	579112
1224	579112
1224	579112
1224	579112
2759	579112
1224	579112
1224	579112
1224	579112
1224	579112
1224	579112
1224	579112
1224	579112
1224	579112
1224	579112
1224	579112
1224	579112
1224	579112
1224	579112
1224	579112
1224	579112
1224	579112
1224	579112
1224	579112
1224	579112
1224	579112
1224	579112
1224	579112
1224	579112
1224	579112
1224	579112
1224	579112
1224	579112
1224	579112
1224	579112
1224	579112
1224	579112
1224	579112
1224	579112
1224	579112
1224	579112
1224	579112
1224	579112
1224	579112
1224	579112
1224	579112
1224	579112
1224	579112
1224	579112
1224	579112
1224	579112
1224	579112
1224	579112
1224	579112
1224	579112
1224	579112
1224	579112
1224	579112
1224	579112
1224	579112
1224	579112
1224	579112
1224	579112
1224	579112
1224	579112
1224	579112
1224	579112
1224	579112
1224	579112
1224	579112
1224	579112
1224	579112
1224	579112
1224	579112
1224	579112
1224	579112
1224	579112
1224	579112
1224	579112
1224	579112
1224	579112
1224	579112
1224	579112
1224	579112
1224	579112
1224	579112
1224	579112
1224	579112
1224	579112
1224	579112
1224	579112
1224	579112
1224	579112
1224	579112
1224	579112
1224	579112
1224	579112
1224	579112
1224	579112
1224	579112
1224	579112
1224	579112
1224	579112
1224	579112
1224	579112
1224	579112
1224	579112
1224	579112
1224	579112
1224	579112
1224	579112
1224	579112
1224	579112
1224	579112
1224	579112
1224	579112
1224	579112
1224	579112
1224	579112
1224	579112
1224	579112
1224	579112
1224	579112
1224	579112
1224	579112
1224	579112
1224	579112
1224	579112
1224	579112
1224	579112
1224	579112
1224	579112
1224	579112
1224	579112
1224	579112
1224	579112
1224	579112
1224	579112
1224	579112
1224	579112
1224	579112
1224	579112
1224	579112
1224	579112
1224	579112
1224	579112
1224	579112
1224	579112
1224	579112
1224	579112
1224	579112
1224	579112
1224	579112
1224	579112
1224	579112
1224	579112
1224	579112
1224	579112
1224	579112
1224	579112
1224	579112
1224	579112
1224	579112
1224	579112
1224	579112
1224	579112
1224	579112
1224	579112
1224	579112
1224	579112
1224	579112
1224	579112
1224	579112
1224	579112
1224	579112
1224	579112
1224	579112
1224	579112
1224	579112
1224	579112
1224	579112
1224	579112
1224	579112
1224	579112
1224	579112
1224	579112
1224	579112
1224	579112
1224	579112
1224	579112
1224	579112
1224	579112
1224	579112
1224	579112
1224	579112
1224	579112
1224	579112
1224	579112
1224	579112
1224	579112
1224	579112
1224	579112
1224	579112
1224	579112
1224	579112
1224	579112
1224	579112
1224	579112
1224	579112
1224	579112
1224	579112
1224	579112
1224	579112
1224	579112
1224	579112
1224	579112
1224	579112
1224	579112
1224	579112
1224	579112
1224	579112
1224	579112
1224	579112
1224	579112
1224	579112
1224	579112
1224	579112
1224	579112
1224	579112
1224	579112
1224	579112
1224	579112
1224	579112
1224	579112
1224	579112
1224	579112
1224	579112
1239	579112
1224	413997
1224	413997
1224	413997
1224	413997
1224	413997
1224	413997
1224	413997
1224	413997
1224	413997
1224	413997
1224	413997
1224	413997
1224	413997
1224	413997
1224	413997
1224	413997
1224	413997
1224	413997
1224	413997
1224	413997
1224	413997
1224	413997
1224	413997
1224	413997
1224	413997
1224	413997
1224	413997
1224	413997
1224	413997
1224	413997
1224	413997
1224	413997
1224	413997
1224	413997
1224	413997
1224	413997
1224	413997
1224	413997
1224	413997
1224	413997
1224	413997
1224	413997
1224	413997
1224	413997
1224	413997
1224	413997
1224	413997
1224	413997
1224	413997
1224	413997
1224	413997
1224	413997
1224	413997
1224	413997
1224	413997
1224	413997
1224	413997
1224	413997
1224	413997
1224	413997
1224	413997
1224	413997
1224	413997
1224	413997
1224	413997
1224	413997
1224	413997
1224	413997
1224	413997
1224	413997
1224	413997
1224	413997
1224	413997
1224	413997
1224	413997
1224	413997
1224	413997
1224	413997
1224	413997
1224	413997
1224	413997
1224	413997
1224	413997
1224	413997
1224	413997
1224	413997
1224	413997
1224	413997
1224	413997
1224	413997
1224	413997
1224	413997
1224	413997
1224	413997
1224	413997
1224	413997
1224	413997
1224	413997
1224	413997
1224	413997
1224	413997
1224	413997
1224	413997
1224	413997
1224	413997
1224	413997
1224	413997
1224	413997
1224	413997
1224	413997
1224	413997
1224	413997
1224	413997
1224	413997
1224	413997
1224	413997
1224	413997
1224	413997
1224	413997
1224	413997
1224	413997
1224	413997
1224	413997
1224	413997
1224	413997
1224	413997
1224	413997
1224	413997
1224	413997
1224	413997
1224	413997
1224	413997
1224	413997
1224	413997
1224	413997
1224	413997
1224	413997
1224	413997
1224	413997
1224	413997
1224	413997
1224	413997
1224	413997
1224	413997
1224	413997
1224	413997
1224	413997
1224	413997
1224	413997
1224	413997
1224	413997
1224	413997
1224	413997
1224	413997
1224	413997
1224	413997
1224	413997
1224	413997
1224	413997
1224	413997
1224	413997
1224	413997
1224	413997
1224	413997
1224	413997
1224	413997
1224	413997
1224	413997
1224	413997
1224	413997
1224	413997
1224	413997
1224	413997
1224	413997
1224	413997
1224	413997
1224	413997
1224	413997
1224	413997
1224	413997
1224	413997
1224	413997
1224	413997
1224	413997
1224	413997
1224	413997
1224	413997
1224	413997
1224	413997
1224	413997
1224	413997
1224	413997
1224	413997
1224	413997
1224	413997
1224	413997
1224	413997
1224	413997
1224	413997
1224	413997
1224	413997
1224	413997
1224	413997
1224	413997
1224	413997
1224	413997
1224	413997
1224	413997
1224	413997
1224	413997
2	413997
1224	413997
1224	413997
1224	413997
1224	413997
1224	413997
1224	413997
1224	413997
1224	413997
1224	413997
1224	413997
1224	413997
1224	413997
1224	413997
28883	413997
1224	413997
1224	413997
1224	413997
1224	413997
1224	413997
1224	413997
1224	413997
1224	413997
1224	413997
1224	413997
1224	413997
1224	413997
1224	413997
1224	413997
1224	413997
1224	413997
1224	413997
1224	413997
1224	413997
1224	413997
1224	413997
1224	413997
1224	413997
1224	413997
1224	413997
1224	413997
1224	413997
1224	413997
1224	413997
1224	413997
1224	413997
1224	413997
1224	413997
1224	413997
1224	413997
1224	413997
1224	413997
1224	413997
1224	413997
1224	413997
1224	413997
1224	413997
1224	413997
1224	413997
1224	413997
1224	413997
1224	413997
1224	413997
1224	413997
1224	413997
1224	413997
1224	413997
1224	413997
1224	413997
1224	413997
1224	413997
1224	413997
1224	413997
1224	413997
1224	413997
1224	413997
1224	413997
1224	413997
1224	413997
1224	413997
1224	413997
1224	413997
1224	413997
1224	413997
1224	413997
1224	413997
1224	413997
1224	413997
1224	413997
1224	413997
1224	413997
1224	413997
1224	413997
1224	413997
1224	413997
1224	413997
1224	413997
1224	413997
1224	413997
1224	413997
1224	413997
1224	413997
1224	413997
1224	413997
1224	413997
1224	413997
1224	413997
1224	413997
1224	413997
1224	413997
1224	413997
1224	413997
1224	413997
1224	413997
1224	413997
1224	413997
1224	413997
1224	413997
1224	413997
1224	413997
1224	413997
1224	413997
1224	413997
1224	413997
28883	413997
1224	413997
1224	413997
1224	413997
1224	413997
1224	413997
1224	413997
1224	413997
1224	413997
1224	413997
1224	413997
1224	413997
1224	413997
1224	413997
1224	413997
1224	413997
1224	413997
1224	413997
1224	413997
1224	413997
1224	413997
1224	413997
1224	413997
1224	413997
1224	413997
1224	413997
1224	413997
1224	413997
1224	413997
1224	413997
1224	413997
1224	413997
1224	413997
1224	413997
1224	413997
1224	413997
1224	413997
1224	413997
1224	413997
1224	413997
1224	413997
1224	413997
1224	413997
1224	413997
1224	413997
1224	413997
1224	413997
1224	413997
1224	413997
1224	413997
1224	413997
1224	413997
1224	413997
1224	413997
1224	413997
1224	413997
1224	413997
1224	413997
1224	413997
1224	413997
1224	413997
1224	413997
1224	413997
1224	413997
1224	413997
1224	413997
1224	413997
1224	413997
1224	413997
1224	413997
1224	413997
1224	413997
1224	413997
1224	413997
1224	413997
1224	413997
1224	413997
1224	413997
1224	413997
1224	413997
1224	413997
1224	413997
1224	413997
1224	413997
1224	413997
1224	413997
1224	413997
1224	413997
1224	413997
1224	413997
1224	413997
1224	413997
1224	413997
1224	413997
1224	413997
1224	413997
1224	413997
1224	413997
1224	413997
1224	413997
1224	413997
1224	413997
1224	413997
1224	413997
1224	413997
1224	413997
1224	413997
1224	413997
1224	413997
1224	413997
1224	413997
1224	413997
1224	413997
1224	413997
1224	413997
1224	413997
1224	413997
1224	413997
1224	413997
1224	413997
1224	413997
1224	413997
1224	413997
1224	413997
1224	413997
1224	413997
1224	413997
1224	413997
1224	413997
1224	413997
1224	413997
1224	413997
1224	413997
1224	413997
1224	413997
1224	413997
1224	413997
1224	413997
1224	413997
1224	413997
1224	413997
1224	413997
1224	413997
1224	413997
1224	413997
1224	413997
1224	413997
1224	413997
1224	413997
1224	413997
1224	413997
1224	413997
1224	413997
1224	413997
1224	413997
1224	413997
1224	413997
1224	413997
1224	413997
1224	413997
1224	413997
1224	413997
1224	413997
1224	413997
1224	413997
1224	413997
1224	413997
1224	413997
1224	413997
1224	413997
1224	413997
1224	413997
1224	413997
1224	413997
1224	413997
1224	413997
1224	413997
1224	413997
1224	413997
1224	413997
1224	413997
1224	413997
1224	413997
1224	413997
1224	413997
1224	413997
1224	413997
1224	413997
1224	413997
1224	413997
1224	413997
1224	413997
1224	413997
1224	413997
1224	413997
1224	413997
1224	413997
1224	413997
1224	413997
1224	413997
1224	413997
1224	413997
1224	413997
1224	413997
1224	413997
1224	413997
1224	413997
1224	413997
1224	413997
1224	413997
1224	413997
1224	413997
1224	413997
1224	413997
1224	413997
1224	413997
1224	413997
1224	413997
1224	413997
1224	413997
1224	413997
1224	413997
1224	413997
1224	413997
1224	413997
1224	413997
1224	413997
1224	413997
1224	413997
1224	413997
1224	413997
1224	413997
1224	413997
1224	413997
1224	413997
1224	413997
1224	413997
1224	413997
1224	413997
1224	413997
1224	413997
1224	413997
1224	413997
1224	413997
1224	413997
1224	413997
1224	413997
1224	413997
1224	413997
1224	413997
1224	413997
1224	413997
1224	413997
1224	413997
1224	413997
1224	413997
1224	413997
1224	413997
1224	413997
1224	413997
1224	413997
1224	413997
1224	413997
1224	413997
1224	413997
1224	413997
1224	413997
1224	413997
1224	413997
1224	413997
1224	413997
1224	413997
1224	413997
1224	413997
1224	413997
1224	413997
1224	413997
1224	413997
1224	413997
1224	413997
1224	413997
1224	413997
1224	413997
1224	413997
1224	413997
1224	413997
1224	413997
1224	413997
1224	413997
1224	413997
1224	413997
1224	413997
1224	413997
1224	413997
1224	413997
1224	413997
1224	413997
1224	413997
1224	413997
1224	413997
1224	413997
1224	413997
1224	413997
1224	413997
1224	413997
1224	413997
1224	413997
1224	413997
1224	413997
1224	413997
1224	413997
1224	413997
1224	413997
1224	413997
1224	413997
1224	413997
1224	413997
1224	413997
1224	413997
1224	413997
1224	413997
1224	413997
1224	413997
1224	413997
1224	413997
1224	413997
1224	413997
1224	413997
1224	413997
1224	413997
1224	413997
1224	413997
1224	413997
1224	413997
1224	413997
1224	413997
1224	413997
1224	413997
1224	413997
1224	413997
1224	413997
1224	413997
1224	413997
1224	413997
1224	413997
1224	413997
1224	413997
1224	413997
1224	413997
1224	413997
1224	413997
1224	413997
1224	413997
1224	413997
1224	413997
1224	413997
1224	413997
1224	413997
1224	413997
1224	413997
1224	413997
1224	413997
1224	413997
1224	413997
1224	413997
1224	413997
1224	413997
1224	413997
1224	413997
1224	413997
1224	413997
1224	413997
1224	413997
1224	413997
1224	413997
1224	413997
1224	413997
1224	413997
1224	413997
1224	413997
1224	413997
1224	413997
1224	413997
1224	413997
1224	413997
1224	413997
1224	413997
1224	413997
1224	413997
1224	413997
1224	413997
1224	413997
1224	413997
1224	413997
1224	413997
1224	413997
1224	413997
1224	413997
1224	413997
1224	413997
1224	413997
1224	413997
1224	413997
1224	413997
1224	413997
1224	413997
1224	413997
1224	413997
1224	413997
1224	413997
1224	413997
1224	413997
1224	413997
1224	413997
1224	413997
1224	413997
1224	413997
1224	413997
1224	413997
1224	413997
1224	413997
1224	413997
1224	413997
1224	413997
1224	413997
1224	413997
1224	413997
1224	413997
1224	413997
1224	413997
1224	413997
1224	413997
1224	413997
1224	413997
1224	413997
1224	413997
1224	413997
1224	413997
1224	413997
1224	413997
1224	413997
1224	413997
1224	413997
1224	413997
1224	413997
1224	413997
1224	413997
1224	413997
1224	413997
1224	413997
1224	413997
1224	413997
1224	413997
1224	413997
1224	413997
1224	413997
1224	413997
1224	413997
1224	413997
1224	413997
1224	413997
28883	413997
1224	413997
1224	413997
1224	413997
1224	413997
1224	413997
1224	413997
1224	413997
1224	413997
1224	413997
1224	413997
1224	413997
1224	413997
1224	413997
1224	413997
1224	413997
1224	413997
1224	413997
1224	413997
1224	413997
1224	413997
1224	413997
1224	413997
1224	413997
1224	413997
1224	413997
1224	413997
1224	413997
1224	413997
1224	413997
1224	413997
1224	413997
1224	413997
1224	413997
1224	413997
1224	413997
1224	413997
1224	413997
1224	413997
1224	413997
1224	413997
1224	413997
1224	413997
1224	413997
1224	413997
1224	413997
1224	413997
1224	413997
1224	413997
1224	413997
1224	413997
1224	413997
1224	413997
1224	413997
1224	413997
1224	413997
1224	413997
1224	413997
1224	413997
1224	413997
1224	413997
1224	413997
1224	413997
1224	413997
1224	413997
1224	413997
1224	413997
1224	413997
1224	413997
1224	413997
1224	413997
1224	413997
1224	413997
1224	413997
1224	413997
1224	413997
1224	413997
1224	413997
1224	413997
1224	413997
1224	413997
1224	413997
1224	413997
1224	413997
1224	413997
1224	413997
1224	413997
1224	413997
1224	413997
1224	413997
1224	413997
1224	413997
1224	413997
1224	413997
1224	413997
1224	413997
1224	413997
1224	413997
1224	413997
1224	413997
1224	413997
1224	592205
1224	592205
1224	592205
1224	592205
1224	592205
1224	592205
1224	592205
1224	592205
1224	592205
1224	592205
1224	592205
1224	592205
1224	592205
1224	592205
1224	592205
1224	592205
1224	592205
1224	592205
1224	592205
1224	592205
1224	592205
1224	592205
33090	592205
1224	592205
1224	592205
1224	592205
1224	592205
1224	592205
1224	592205
1224	592205
1224	592205
1224	592205
1224	592205
1224	592205
1224	592205
1224	592205
1224	592205
1224	592205
1224	592205
1224	592205
1224	592205
1224	592205
1224	592205
1224	592205
1224	592205
1224	592205
1224	592205
1224	592205
1224	592205
1224	592205
1224	592205
1224	592205
1224	592205
1224	592205
1224	592205
1224	592205
1224	592205
1224	592205
1224	592205
1224	592205
1224	592205
1224	592205
1224	592205
1224	592205
1224	592205
1224	592205
1224	592205
1224	592205
1224	592205
1224	592205
1224	592205
1224	592205
1224	592205
1224	592205
1224	592205
1224	592205
1224	592205
1224	592205
1224	592205
1224	592205
1224	592205
1224	592205
1224	592205
1224	592205
1297	592205
1224	592205
1224	592205
1224	592205
1224	592205
1224	592205
1224	592205
1224	592205
1224	592205
1224	592205
1224	592205
1224	592205
1224	592205
1224	592205
1224	592205
1224	592205
1224	592205
1224	592205
1224	592205
1224	592205
1224	592205
1224	592205
1224	592205
1224	592205
1224	592205
1224	592205
1224	592205
1224	592205
1224	592205
1224	592205
1224	592205
1224	592205
1224	592205
1224	592205
1224	592205
1224	592205
1224	592205
1224	592205
1224	592205
1224	592205
1224	592205
1224	592205
1224	592205
1224	592205
1224	592205
1224	592205
1224	592205
1224	592205
1224	592205
1224	592205
1224	592205
1224	592205
1224	592205
1224	592205
1224	592205
1224	592205
1224	592205
1224	592205
1224	592205
28890	592205
1224	592205
1224	592205
1224	592205
1224	592205
1224	592205
1224	592205
1224	592205
1224	592205
