151340	40540
151340	40540
10442	271108
10442	271108
10442	271108
10442	271108
10442	271108
10442	271108
10442	271108
10442	271108
10442	271108
10442	271108
10442	271108
10442	271108
10442	271108
10442	271108
10442	271108
10442	271108
10442	271108
10442	271108
10442	271108
10442	271108
10442	271108
10442	271108
10442	271108
10442	271108
10442	271108
10442	271108
10442	271108
10442	271108
10442	271108
10442	271108
10442	271108
10442	271108
10442	271108
10442	271108
10442	271108
10442	271108
10442	271108
10442	271108
10442	271108
10442	271108
10442	271108
10442	271108
10442	271108
10442	271108
1224	107806
1224	107806
28890	224325
28890	224325
28890	224325
28890	224325
28890	224325
28890	224325
28890	224325
28890	224325
28890	224325
28890	224325
1239	224325
28890	224325
28890	224325
28890	224325
28890	224325
28890	224325
28890	224325
28890	224325
28890	224325
28890	224325
28890	224325
28890	224325
28890	224325
28890	224325
28890	224325
28890	224325
28890	224325
28890	224325
28890	224325
28890	224325
28890	224325
28890	224325
28890	224325
28890	224325
28890	224325
28890	224325
28890	224325
28890	224325
28890	224325
28890	224325
28890	224325
28890	224325
28890	224325
28890	224325
28890	224325
28890	224325
28890	224325
28890	224325
28890	224325
28890	224325
28890	224325
28890	224325
2	224325
28890	224325
28890	224325
28890	224325
28890	224325
28890	224325
28890	224325
28890	224325
28890	224325
28890	224325
28890	224325
28890	224325
28890	224325
28890	224325
28889	224325
28890	224325
28890	224325
28890	224325
28890	224325
28890	224325
28890	224325
1239	224325
28890	224325
28890	224325
28890	224325
28890	224325
28890	224325
28890	224325
28890	224325
28890	224325
28890	224325
28890	224325
28890	224325
28890	224325
28890	224325
28890	224325
28890	224325
28890	224325
28890	224325
28890	224325
28890	224325
28890	224325
28890	224325
28890	224325
28890	224325
28890	224325
28890	224325
28890	224325
28890	224325
28890	224325
28890	224325
28890	224325
28890	224325
28890	224325
28890	224325
28890	224325
28890	224325
28890	224325
28890	224325
28890	224325
28890	224325
28890	224325
28890	224325
28890	224325
28890	224325
28890	224325
28890	224325
28890	224325
28890	224325
28890	224325
28890	224325
28890	224325
28890	224325
28890	224325
28890	224325
28890	224325
28890	224325
28890	224325
131567	224325
1239	224325
28890	224325
28890	224325
28890	224325
28890	224325
28890	224325
28890	224325
28890	224325
28890	224325
28890	224325
28890	224325
28890	224325
28890	224325
28890	224325
28890	224325
33154	224325
28890	224325
28890	224325
28890	224325
28890	224325
28890	224325
1239	224325
28890	224325
28890	224325
28890	224325
28890	224325
28890	224325
28890	224325
28890	224325
28890	224325
28890	224325
28890	224325
28890	224325
28890	224325
28890	224325
28890	224325
28890	224325
28890	224325
28890	224325
28890	224325
28890	224325
28890	224325
28890	224325
28890	224325
2763	224325
28890	224325
1239	224325
28890	224325
28890	224325
28890	224325
1239	224325
28890	224325
28890	224325
28890	224325
28890	224325
28890	224325
28890	224325
28890	224325
28890	224325
28890	224325
1224	224325
28890	224325
28890	224325
28890	224325
28890	224325
28890	224325
28890	224325
28890	224325
28890	224325
28890	224325
1117	224325
28890	224325
1239	224325
28890	224325
28890	224325
28890	224325
28890	224325
28890	224325
28890	224325
28890	224325
28890	224325
28890	224325
28890	224325
28890	224325
28890	224325
28890	224325
28890	224325
33090	224325
28890	224325
28890	224325
28890	224325
28890	224325
28890	224325
28890	224325
28890	224325
28890	224325
28890	224325
28890	224325
28890	224325
28890	224325
28890	224325
28890	224325
28890	224325
28890	224325
28890	224325
1224	224325
28890	224325
28890	224325
28890	224325
28890	224325
28890	224325
28890	224325
28890	224325
28890	224325
28890	224325
28890	224325
28890	224325
28890	224325
28890	224325
28890	224325
28890	224325
28890	224325
28890	224325
28890	224325
28890	224325
28890	224325
28890	224325
28890	224325
28890	224325
28890	224325
28890	224325
28890	224325
28890	224325
28890	224325
28890	224325
28890	224325
28890	224325
28890	224325
28890	224325
1224	224325
28890	224325
28890	224325
28890	224325
28890	224325
28890	224325
28890	224325
28890	224325
1239	224325
28890	224325
28890	224325
28890	224325
28890	224325
28890	224325
28890	224325
28890	224325
28890	224325
28890	224325
28890	224325
28890	224325
28890	224325
28890	224325
28890	224325
28890	224325
28890	224325
28890	224325
28890	224325
28890	224325
28890	224325
28890	224325
28890	224325
28890	224325
28890	224325
28890	224325
28890	224325
201174	224325
28890	224325
1224	224325
28890	224325
28890	224325
28890	224325
28890	224325
28890	224325
28890	224325
28890	224325
1224	272843
1224	272843
1224	272843
1224	272843
1224	272843
1224	272843
1224	272843
1224	272843
1224	272843
1224	272843
1224	272843
1224	272843
1224	272843
1224	272843
1224	272843
1224	272843
1224	272843
1224	272843
1224	272843
1224	272843
1224	272843
1224	272843
1224	272843
1224	272843
1224	272843
1224	272843
1224	272843
1224	272843
1224	272843
1224	272843
1224	272843
1224	272843
1224	272843
1224	272843
1224	272843
1224	272843
1224	272843
1224	272843
1224	272843
1224	272843
1224	272843
1224	272843
1224	272843
1224	272843
1224	272843
1224	272843
1224	272843
1224	272843
1224	272843
1224	272843
1224	272843
1224	272843
1224	272843
1224	272843
1224	272843
1224	272843
1224	272843
1224	272843
1224	272843
1224	272843
1224	272843
1224	272843
1224	272843
1224	272843
1224	272843
1224	272843
1224	272843
1224	272843
1224	272843
1224	272843
1224	272843
1224	272843
1224	272843
1224	272843
1224	272843
1224	272843
1224	272843
1224	272843
1224	272843
1224	272843
1224	272843
1224	272843
1224	272843
1224	272843
1224	272843
1224	272843
1224	272843
1224	272843
1224	272843
1224	272843
1224	272843
1224	272843
1224	272843
1224	272843
1239	272843
1224	272843
1224	272843
1224	272843
554915	272843
1224	272843
1224	272843
1224	272843
1224	272843
1224	272843
1224	272843
1224	272843
1224	272843
1224	272843
1224	272843
1224	272843
1224	272843
1224	272843
1224	272843
1224	272843
1224	272843
1224	272843
1224	272843
1224	272843
1224	272843
1224	272843
1224	272843
1224	272843
1224	272843
1224	272843
1224	272843
1224	272843
1224	272843
1224	272843
1224	272843
1224	272843
1224	272843
1224	272843
1224	272843
1224	272843
1224	272843
1224	272843
1224	272843
1224	272843
1224	272843
1224	272843
1224	272843
1224	272843
1224	272843
1224	272843
1224	272843
1224	272843
1224	272843
1224	272843
1224	272843
1224	272843
1224	272843
1224	272843
1224	272843
1224	272843
1224	272843
1224	272843
1224	272843
1224	272843
1224	272843
1224	272843
1224	272843
1224	272843
1224	272843
1224	272843
1224	272843
1224	272843
1224	272843
1224	272843
1224	272843
1224	272843
1224	272843
1224	272843
1224	272843
1224	272843
1224	272843
1224	272843
33090	272843
1224	272843
1224	272843
1224	272843
28883	272843
1224	272843
1224	272843
1224	272843
1224	272843
1224	272843
1224	272843
1224	272843
1224	272843
1224	272843
1224	272843
1224	272843
1224	272843
1224	272843
1224	272843
1224	272843
1224	272843
1224	272843
1224	272843
1224	272843
1224	272843
1224	272843
1224	272843
1224	272843
1224	272843
1224	272843
1224	272843
1224	272843
1224	272843
1224	272843
1224	272843
1224	272843
1224	272843
1224	272843
1224	272843
1224	272843
1224	272843
1224	272843
1224	272843
1224	272843
1224	272843
1224	272843
1224	272843
1224	272843
1224	272843
1239	272843
1224	272843
1224	272843
1224	272843
1224	272843
1224	272843
1224	272843
1224	272843
1224	272843
1224	272843
1224	272843
1224	272843
1224	272843
1224	272843
1224	272843
1224	272843
1224	272843
1224	272843
1224	272843
1224	272843
1224	272843
1224	272843
1224	272843
1224	272843
1224	272843
1224	272843
1224	272843
1224	272843
1224	272843
1224	272843
1224	272843
1224	272843
1224	272843
1224	272843
1224	272843
1224	272843
1224	272843
1224	272843
1224	272843
1224	272843
1224	272843
1224	272843
1224	272843
1224	272843
1224	272843
1224	272843
1224	272843
1224	272843
1224	272843
1224	272843
1224	272843
1224	272843
1224	272843
1224	272843
1224	272843
1239	272843
1224	272843
1224	272843
1224	272843
1224	272843
1224	272843
1224	272843
1224	272843
1224	272843
1224	272843
1224	272843
1224	272843
1224	272843
1224	272843
1224	272843
1224	272843
1224	272843
1224	272843
1224	272843
1224	272843
1224	272843
1224	272843
1224	272843
1224	272843
1224	272843
1224	272843
1224	272843
1224	272843
1224	272843
1224	272843
1224	272843
1224	272843
1224	272843
1224	272843
1224	272843
1224	272843
1224	272843
1224	272843
1224	272843
1224	272843
1224	272843
1224	272843
1224	272843
1224	272843
1224	272843
1224	272843
1224	272843
1224	272843
1224	272843
1224	272843
1224	272843
1224	272843
1224	272843
1224	272843
1224	272843
1224	272843
1224	272843
1224	272843
1224	272843
1224	272843
1224	272843
1224	272843
1224	272843
1224	272843
1224	272843
1224	272843
1224	272843
1224	272843
1224	272843
1224	272843
1224	272843
1224	272843
1224	272843
1224	272843
1224	272843
1224	272843
1224	272843
1224	272843
1224	272843
1224	272843
1224	272843
1224	272843
1224	272843
1224	272843
1224	272843
1224	272843
1224	272843
1224	272843
1224	272843
1224	272843
1224	272843
1224	272843
1224	272843
1224	272843
1224	272843
1224	272843
1224	272843
1224	272843
1224	272843
1224	272843
1224	272843
1224	272843
1224	272843
1224	272843
1224	272843
1224	272843
1224	272843
1224	272843
1224	272843
1224	272843
1224	272843
1224	272843
1224	272843
1224	272843
1224	272843
1224	272843
1224	272843
1224	272843
1224	272843
1224	272843
1224	272843
1224	272843
1224	272843
1224	272843
1224	272843
1224	272843
1224	272843
1224	272843
1224	272843
1224	272843
1224	272843
1224	272843
1224	272843
1224	272843
1224	272843
1224	272843
1224	272843
1224	272843
1224	272843
1224	272843
1224	272843
1224	272843
1224	272843
1224	272843
1224	272843
1224	272843
1224	272843
1224	272843
1224	272843
1224	272843
1224	272843
1224	272843
1224	272843
1224	272843
1224	272843
1224	272843
1224	272843
1224	272843
1224	272843
1224	272843
1224	272843
1224	272843
1224	272843
1224	272843
1224	272843
1224	272843
1224	272843
1224	272843
1224	272843
1224	272843
1224	272843
1224	272843
1224	272843
1224	272843
1224	272843
1224	272843
1224	272843
1224	272843
1224	272843
1224	272843
1224	272843
1224	272843
1224	272843
1224	272843
1239	272562
1239	272562
1239	272562
1239	272562
1239	272562
1239	272562
1239	272562
1239	272562
1239	272562
1239	272562
1239	272562
1239	272562
1239	272562
1239	272562
1239	272562
1239	272562
1239	272562
1239	272562
1239	272562
1239	272562
1239	272562
28890	272562
1239	272562
1239	272562
1239	272562
1239	272562
201174	272562
1239	272562
1239	272562
1239	272562
1239	272562
1239	272562
1239	272562
1239	272562
1239	272562
1239	272562
201174	272562
1239	272562
1239	272562
1239	272562
1239	272562
1239	272562
1239	272562
1239	272562
1239	272562
1239	272562
1239	272562
1224	272562
1239	272562
1239	272562
1239	272562
1239	272562
1239	272562
1239	272562
1224	272562
1239	272562
1239	272562
1224	272562
1239	272562
1239	272562
1224	272562
1239	272562
1239	272562
1239	272562
33090	272562
1239	272562
1239	272562
1239	272562
200783	272562
1239	272562
1239	272562
1239	272562
1239	272562
1239	272562
1239	272562
1239	272562
1239	272562
1224	272562
1239	272562
1239	272562
1297	272562
1239	272562
1239	272562
1239	272562
1239	272562
1239	272562
1239	272562
1239	272562
1239	272562
1239	272562
1239	272562
1239	272562
1239	272562
1239	272562
1239	272562
1239	272562
2	272562
1239	272562
1239	272562
1239	272562
1239	272562
33154	272562
1239	272562
1239	272562
1239	272562
1239	272562
1239	272562
1239	272562
1224	272562
1239	272562
1239	272562
1239	272562
1239	272562
1239	272562
1239	272562
201174	272562
1239	272562
1239	272562
1239	272562
1239	272562
1239	272562
1239	272562
1239	272562
28890	272562
1239	272562
1239	272562
1239	272562
1239	272562
1239	272562
1239	272562
1239	272562
1239	272562
1239	272562
1239	272562
1239	272562
1239	272562
1239	272562
1239	272562
1239	272562
1239	272562
1239	272562
1239	272562
1239	272562
1239	272562
1239	272562
33154	272562
1239	272562
33090	272562
1239	272562
1239	272562
1239	272562
1239	272562
200795	272562
1239	272562
1239	272562
1224	272562
1239	272562
1239	272562
1239	272562
1239	272562
1239	272562
1239	272562
1239	272562
1239	272562
1239	272562
1239	272562
1239	272562
1224	272562
1239	272562
1239	272562
1239	272562
1239	272562
1239	272562
1239	272562
1239	272562
1239	272562
1239	272562
1239	272562
1239	272562
1239	272562
1239	272562
1239	272562
1239	272562
1239	272562
1239	272562
1239	272562
33154	272562
1239	272562
2	272562
1239	272562
1239	272562
1239	272562
1239	272562
1239	272562
1239	272562
1117	272562
1224	272562
1239	272562
1239	272562
1239	272562
1224	272562
1239	272562
1239	272562
1239	272562
1239	272562
1239	272562
1239	272562
1239	272562
1239	272562
1224	272562
1224	272562
1239	272562
1239	272562
1239	272562
1239	272562
2	272562
1239	272562
1239	272562
1239	272562
1239	272562
1239	272562
1239	272562
1239	272562
1224	272562
1239	272562
1239	272562
1239	272562
1239	272562
1239	272562
1239	272562
1239	272562
1239	272562
1239	272562
1239	272562
28890	272562
1239	272562
1239	272562
1239	272562
1239	272562
1239	272562
1239	272562
1239	272562
1224	272562
1239	272562
1239	272562
1239	272562
1239	272562
1239	272562
1239	272562
1239	272562
1239	272562
1239	272562
1239	272562
1239	272562
1239	272562
1239	272562
1239	272562
1239	272562
1239	272562
1239	272562
1224	272562
1239	272562
1239	272562
1224	272562
1239	272562
1239	272562
201174	272562
1239	272562
1239	272562
1239	272562
1224	272562
1239	272562
1239	272562
1239	272562
1239	272562
1239	272562
1239	272562
1239	272562
1239	272562
1117	273063
28889	273063
28889	273063
1224	273063
1224	273063
28889	273063
28889	273063
28889	273063
28889	273063
28889	273063
28889	273063
28889	273063
28889	273063
28889	273063
28889	273063
28889	273063
28889	273063
28889	273063
28889	273063
28889	273063
28889	273063
28889	273063
28889	273063
28889	273063
28889	273063
28889	273063
28889	273063
28889	273063
28889	273063
200918	273063
28889	273063
131567	273063
28889	273063
28889	273063
28889	273063
28889	273063
28889	273063
28889	273063
28889	273063
28889	273063
1224	273063
28889	273063
28889	273063
28889	273063
28889	273063
28889	273063
28889	273063
28889	273063
28889	273063
28889	273063
28889	273063
28889	273063
28889	273063
28889	273063
28889	273063
1239	273063
28889	273063
28889	273063
28889	273063
28889	273063
28889	273063
28889	273063
28889	273063
28889	273063
28889	273063
28889	273063
28890	273063
28889	273063
28889	273063
28889	273063
28889	273063
28889	273063
28889	273063
28889	273063
28889	273063
28889	273063
28889	273063
28889	273063
28889	273063
28889	273063
28889	273063
28889	273063
28889	273063
28889	273063
1224	273063
1239	273063
28889	273063
28890	273063
28890	273063
28889	273063
28889	273063
28889	273063
28889	273063
28889	273063
28889	273063
28889	273063
28889	273063
28889	273063
28889	273063
28890	273063
28889	273063
28889	273063
28889	273063
28889	273063
28889	273063
1224	273063
28889	273063
28889	273063
28889	273063
28889	273063
28889	273063
1224	273063
28889	273063
28889	273063
28890	273063
28889	273063
28889	273063
28889	273063
28889	273063
28889	273063
28889	273063
28889	273063
28889	273063
28889	273063
28889	273063
28889	273063
28889	273063
28889	273063
28889	273063
203682	273063
28889	273063
28889	273063
28889	273063
28890	273063
28889	273063
28889	273063
28889	273063
28889	273063
33154	273063
28889	273063
1239	273063
1224	273063
28889	273063
28889	273063
28889	273063
28889	273063
28889	273063
28889	273063
28889	273063
33090	273063
28890	273063
28889	273063
28889	273063
28889	273063
28889	273063
28889	273063
28889	273063
1224	228410
1224	228410
2763	228410
1224	228410
1224	228410
1224	228410
1224	228410
1224	228410
1224	228410
1224	228410
1224	228410
1224	228410
1224	228410
1224	228410
1224	228410
1224	228410
1224	228410
1224	228410
1224	228410
1224	228410
1224	228410
201174	228410
1224	228410
1224	228410
1224	228410
1224	228410
1224	228410
1224	228410
1224	228410
1224	228410
1224	228410
2	228410
1224	228410
1224	228410
1224	228410
1224	228410
2	228410
1224	228410
1224	228410
1224	228410
1224	228410
1224	228410
1224	228410
1224	228410
1224	228410
1224	228410
1224	228410
1224	228410
1224	228410
1224	228410
1224	228410
1224	228410
1224	228410
1224	228410
1224	228410
1224	228410
1224	228410
1224	228410
1224	228410
1224	228410
1224	228410
1224	228410
131567	228410
1224	228410
1224	228410
1224	228410
1224	228410
1224	228410
1224	228410
1224	228410
131567	228410
1224	228410
1224	228410
1224	228410
1224	228410
1224	228410
1224	228410
1224	228410
1224	228410
1224	228410
1224	228410
2	228410
1224	228410
1224	228410
1224	228410
1224	228410
1224	228410
1224	228410
1224	228410
1224	228410
1224	228410
1224	228410
1224	228410
1224	228410
1224	228410
1224	228410
1224	228410
1224	228410
1224	228410
1224	228410
1224	228410
1224	228410
1224	228410
1224	228410
1224	228410
1224	228410
1224	228410
1224	228410
1224	228410
1224	228410
1224	228410
1224	228410
1224	228410
1224	228410
1224	228410
1224	228410
1224	228410
1224	228410
1224	228410
1224	228410
1224	228410
1224	228410
1224	228410
1224	228410
1224	228410
1224	228410
1224	228410
1224	228410
131567	228410
1224	228410
1224	228410
1224	228410
1224	228410
1224	228410
1224	228410
1224	228410
1224	228410
1224	228410
1224	228410
1224	228410
1224	228410
1224	228410
1224	228410
1224	228410
1224	228410
1224	228410
1224	228410
1224	228410
1224	228410
1224	228410
1224	228410
1224	228410
1224	228410
1224	228410
1224	228410
1297	228410
1224	228410
1224	228410
201174	228410
1224	228410
1224	228410
1224	228410
1224	228410
1224	228410
1224	228410
1224	228410
1224	228410
1224	228410
1224	228410
1224	228410
1224	228410
1224	228410
1224	228410
1224	228410
1224	228410
1224	228410
1224	228410
1224	228410
1224	228410
1224	228410
1224	228410
1224	228410
1224	228410
1224	228410
1224	228410
1224	228410
1224	228410
1224	228410
1224	228410
1224	228410
33090	228410
1224	228410
1224	228410
1224	228410
1224	228410
1224	228410
1224	228410
203682	228410
1224	228410
1224	228410
1224	228410
1224	228410
1224	228410
1224	228410
1224	228410
1224	228410
1224	228410
1224	228410
203691	228410
1224	228410
1224	228410
1224	228410
1224	228410
1224	228410
1224	228410
1224	228410
1224	228410
1224	228410
1224	228410
1224	228410
1224	228410
1224	228410
1224	228410
1224	228410
1224	228410
1224	228410
1224	228410
1224	228410
1224	228410
1224	228410
1224	228410
1224	228410
1224	228410
1224	228410
1224	228410
2	228410
1224	228410
1224	228410
1224	228410
1224	228410
1224	228410
1224	228410
1224	228410
1224	228410
33154	228410
1224	228410
1224	228410
1224	228410
1224	228410
1224	228410
1224	228410
1224	228410
1224	228410
1224	228410
1224	228410
1224	228410
1224	228410
1224	228410
33154	228410
1224	228410
1224	228410
1224	228410
201174	100226
1224	100226
1239	100226
201174	100226
201174	100226
201174	100226
201174	100226
201174	100226
1224	100226
201174	100226
201174	100226
201174	100226
201174	100226
1224	100226
201174	100226
33154	100226
201174	100226
201174	100226
201174	100226
201174	100226
201174	100226
201174	100226
201174	100226
1239	100226
1224	100226
201174	100226
201174	100226
201174	100226
201174	100226
201174	100226
1224	100226
1224	100226
201174	100226
1117	100226
201174	100226
201174	100226
201174	100226
201174	100226
201174	100226
201174	100226
201174	100226
201174	100226
201174	100226
201174	100226
201174	100226
1239	100226
1224	100226
33154	100226
33154	100226
201174	100226
201174	100226
201174	100226
1239	100226
201174	100226
201174	100226
201174	100226
201174	100226
201174	100226
1224	100226
1239	100226
201174	100226
201174	100226
201174	100226
201174	100226
201174	100226
201174	100226
201174	100226
201174	100226
201174	100226
201174	100226
201174	100226
201174	100226
201174	100226
201174	100226
201174	100226
201174	100226
201174	100226
201174	100226
201174	100226
201174	100226
201174	100226
28890	100226
201174	100226
201174	100226
201174	100226
201174	100226
201174	100226
201174	100226
201174	100226
1224	100226
1224	100226
201174	100226
201174	100226
201174	100226
201174	100226
201174	100226
201174	100226
1239	100226
201174	100226
131567	100226
201174	100226
1224	100226
1239	100226
201174	100226
201174	100226
201174	100226
201174	100226
201174	100226
201174	100226
201174	100226
201174	100226
201174	100226
201174	100226
201174	100226
1224	100226
201174	100226
201174	100226
201174	100226
2	100226
201174	100226
201174	100226
201174	100226
201174	100226
1239	100226
201174	100226
201174	100226
201174	100226
201174	100226
201174	100226
201174	100226
33154	100226
201174	100226
201174	100226
201174	100226
201174	100226
201174	100226
201174	100226
554915	100226
201174	100226
201174	100226
1224	100226
201174	100226
201174	100226
33090	100226
201174	100226
33090	100226
201174	100226
201174	100226
201174	100226
33154	100226
201174	100226
548681	100226
33090	100226
201174	100226
1239	100226
201174	100226
1224	100226
201174	100226
201174	100226
1224	100226
201174	100226
201174	100226
201174	100226
201174	100226
201174	100226
1224	100226
201174	100226
201174	100226
201174	100226
1224	100226
201174	100226
201174	100226
201174	100226
201174	100226
201174	100226
201174	100226
201174	100226
201174	100226
1224	100226
1239	100226
201174	100226
201174	100226
1224	100226
201174	100226
201174	100226
201174	100226
201174	100226
201174	100226
201174	100226
201174	100226
201174	100226
201174	100226
201174	100226
201174	100226
201174	100226
28890	100226
201174	100226
201174	100226
1239	100226
201174	100226
201174	100226
201174	100226
1239	100226
201174	100226
201174	100226
201174	100226
201174	100226
201174	100226
201174	100226
201174	100226
201174	100226
201174	100226
1224	100226
201174	100226
201174	100226
201174	100226
201174	100226
201174	100226
201174	100226
201174	100226
201174	100226
1239	100226
201174	100226
201174	100226
201174	100226
201174	100226
201174	100226
201174	100226
1224	100226
548681	100226
201174	100226
201174	100226
1239	100226
201174	100226
201174	100226
201174	100226
201174	100226
201174	100226
1224	100226
201174	100226
201174	100226
201174	100226
201174	100226
1239	100226
201174	100226
201174	100226
201174	100226
201174	100226
201174	100226
201174	100226
1224	100226
201174	100226
201174	100226
201174	100226
201174	100226
201174	100226
1117	100226
201174	100226
201174	100226
1224	100226
201174	100226
201174	100226
201174	100226
201174	100226
201174	100226
201174	100226
201174	100226
201174	100226
201174	100226
201174	100226
201174	100226
201174	100226
33154	100226
201174	100226
201174	100226
1224	100226
201174	100226
68336	100226
201174	100226
201174	100226
201174	100226
201174	100226
1224	100226
201174	100226
201174	100226
1224	100226
28890	100226
201174	100226
201174	100226
201174	100226
201174	100226
201174	100226
201174	100226
10442	100226
201174	100226
201174	100226
201174	100226
201174	100226
1239	100226
201174	100226
201174	100226
201174	100226
201174	100226
201174	100226
201174	100226
1239	100226
201174	100226
201174	100226
201174	100226
201174	100226
201174	100226
201174	100226
201174	100226
201174	100226
10486	100226
201174	100226
201174	100226
201174	100226
201174	100226
201174	100226
201174	100226
33090	100226
1239	100226
201174	100226
201174	100226
1117	100226
201174	100226
201174	100226
201174	100226
201174	100226
201174	100226
33154	100226
201174	100226
201174	100226
201174	100226
201174	100226
201174	100226
201174	100226
201174	100226
201174	100226
201174	100226
201174	100226
201174	100226
201174	100226
1224	100226
33154	100226
201174	100226
201174	100226
201174	100226
201174	100226
201174	100226
1239	100226
201174	100226
201174	100226
201174	100226
201174	100226
201174	100226
1239	100226
201174	100226
201174	100226
201174	100226
201174	100226
201174	100226
201174	100226
201174	100226
201174	100226
131567	100226
1224	100226
201174	100226
201174	100226
201174	100226
201174	100226
1239	100226
201174	100226
1239	100226
201174	100226
201174	100226
201174	100226
201174	100226
201174	100226
201174	100226
201174	100226
201174	100226
201174	100226
201174	100226
201174	100226
201174	100226
201174	100226
201174	100226
201174	100226
201174	100226
201174	100226
201174	100226
201174	100226
201174	100226
201174	100226
201174	100226
201174	100226
201174	100226
201174	100226
201174	100226
201174	100226
201174	100226
201174	100226
201174	100226
201174	100226
201174	100226
201174	100226
201174	100226
1224	100226
33090	100226
1239	100226
1224	100226
1224	100226
201174	100226
201174	100226
201174	100226
201174	100226
201174	100226
1239	100226
201174	100226
201174	100226
201174	100226
201174	100226
1239	100226
201174	100226
201174	100226
33090	100226
201174	100226
201174	100226
201174	100226
201174	100226
201174	100226
1224	100226
201174	100226
201174	100226
201174	100226
201174	100226
201174	100226
201174	100226
201174	100226
201174	100226
201174	100226
201174	100226
201174	100226
1224	100226
201174	100226
201174	100226
201174	100226
1239	100226
201174	100226
201174	100226
201174	100226
201174	100226
201174	100226
201174	100226
201174	100226
201174	100226
201174	100226
201174	100226
201174	100226
201174	100226
201174	100226
1224	100226
201174	100226
201174	100226
1224	100226
201174	100226
201174	100226
131567	100226
33154	100226
201174	100226
201174	100226
201174	100226
201174	100226
201174	100226
201174	100226
201174	100226
1	100226
201174	100226
201174	100226
2	100226
1239	100226
33154	100226
201174	100226
201174	100226
201174	100226
201174	100226
201174	100226
201174	100226
1224	100226
201174	100226
201174	100226
201174	100226
201174	100226
201174	100226
201174	100226
201174	100226
201174	100226
1224	100226
1224	100226
201174	100226
201174	100226
201174	100226
1224	100226
1239	100226
201174	100226
201174	100226
201174	100226
201174	100226
201174	100226
201174	100226
1239	100226
201174	100226
201174	100226
201174	100226
201174	100226
201174	100226
201174	100226
201174	100226
201174	100226
201174	100226
1224	100226
1224	203907
1224	203907
1224	203907
1224	203907
1224	203907
1224	203907
1224	203907
1224	203907
1224	203907
1224	203907
1224	203907
1224	203907
1224	203907
1224	203907
1224	203907
1224	203907
1224	203907
1224	203907
1224	203907
1224	203907
1297	203907
1224	203907
1224	203907
1224	203907
1224	203907
1224	203907
1224	203907
1224	203907
1224	203907
1224	203907
1224	203907
1224	203907
1224	203907
1224	203907
1224	203907
1224	203907
1224	203907
1224	203907
1224	203907
1224	203907
1224	203907
1224	203907
1224	203907
1224	203907
1224	203907
1224	203907
1224	203907
1224	203907
1224	203907
1224	203907
1224	203907
1224	203907
1224	203907
1224	203907
1224	203907
1224	203907
1224	203907
1224	203907
1224	203907
1224	203907
1224	203907
1224	203907
1224	203907
1224	203907
1224	203907
1224	203907
1224	203907
1224	203907
1224	203907
1224	203907
1224	203907
1224	203907
1224	203907
1224	203907
1224	203907
1224	203907
1224	203907
1224	203907
1224	203907
1224	203907
1224	203907
1224	203907
1224	203907
1224	203907
1224	203907
1224	203907
1224	203907
1224	203907
1224	203907
1224	203907
1224	203907
1224	203907
1224	203907
1224	203907
1224	203907
1224	203907
1224	203907
1224	203907
1224	203907
1224	203907
1224	203907
1224	203907
1224	203907
1224	203907
1224	203907
1224	203907
1224	203907
1224	203907
1224	203907
1224	203907
1224	203907
1224	203907
1224	203907
1224	203907
1224	203907
1224	203907
1224	203907
1224	203907
1224	203907
1224	203907
1224	203907
1224	203907
1224	203907
1224	203907
1224	203907
1224	203907
1224	203907
1224	203907
1224	203907
1224	203907
1224	203907
1224	203907
1224	203907
1224	203907
1224	203907
1224	203907
1224	203907
1224	203907
1224	203907
2	264462
554915	264462
1224	264462
1224	264462
1224	264462
1224	264462
201174	264462
1224	264462
1224	264462
1224	264462
1224	264462
1224	264462
203691	264462
1224	264462
1297	264462
1224	264462
1224	264462
1224	264462
1224	264462
1224	264462
200918	264462
68336	264462
1224	264462
1224	264462
1224	264462
1224	264462
1224	264462
1224	264462
1224	264462
1224	264462
1224	264462
1224	264462
1224	264462
1117	264462
1224	264462
1224	264462
1224	264462
1224	264462
1224	264462
1224	264462
1224	264462
131567	264462
1239	264462
1224	264462
201174	264462
1224	264462
1224	264462
203682	264462
1224	264462
1224	264462
1224	264462
1224	264462
1224	264462
1224	264462
1224	264462
1224	264462
1224	264462
1239	264462
1224	264462
131567	264462
1224	264462
201174	264462
1224	264462
1224	264462
201174	264462
1224	264462
1224	264462
1224	264462
1224	264462
1224	264462
1224	264462
1224	264462
1239	264462
33154	264462
1239	264462
200783	264462
1224	264462
1239	264462
1224	264462
1224	264462
1224	264462
1224	264462
1224	264462
1224	264462
1224	264462
1224	264462
1224	264462
1224	264462
1224	264462
1224	264462
1117	264462
1224	264462
1224	264462
1239	264462
1224	264462
1224	264462
1239	264462
1224	264462
2759	264462
1224	264462
1224	264462
1224	264462
28890	264462
1224	264462
1224	264462
1224	264462
1224	264462
1224	264462
1224	264462
1239	264462
1224	264462
1224	264462
1224	264462
1224	264462
1239	264462
1224	264462
1224	264462
1224	264462
33154	264462
1224	264462
1224	264462
1224	264462
1224	264462
1224	264462
1224	264462
38254	264462
1224	264462
1224	264462
1224	264462
1224	264462
1224	264462
1224	264462
28890	264462
131567	264462
1224	264462
1224	264462
1239	264462
1224	264462
1224	264462
1224	264462
1239	264462
33154	264462
1224	264462
554915	264462
201174	264462
1224	264462
1224	264462
1224	264462
68336	264462
1224	264462
1224	264462
1224	264462
1224	264462
1224	264462
1224	264462
1224	264462
1224	264462
2	264462
1224	264462
1224	264462
1224	264462
1224	264462
1224	264462
1239	264462
1239	264462
1224	264462
1224	384676
1224	384676
1224	384676
1224	384676
1224	384676
1224	384676
1224	384676
1239	384676
1224	384676
1224	384676
1239	384676
1224	384676
1224	384676
1224	384676
1224	384676
28890	384676
1224	384676
1224	384676
1224	384676
1224	384676
1224	384676
1224	384676
1224	384676
1224	384676
201174	384676
1224	384676
1224	384676
201174	384676
1224	384676
1224	384676
1224	384676
1224	384676
1224	384676
1224	384676
1224	384676
1224	384676
1224	384676
1224	384676
1224	384676
1224	384676
1224	384676
1224	384676
1224	384676
1224	384676
1224	384676
1224	384676
1224	384676
1224	384676
1224	384676
1224	384676
1224	384676
1239	384676
1224	384676
1224	384676
1224	384676
1224	384676
1224	384676
1224	384676
1224	384676
1224	384676
1224	384676
1224	384676
1224	384676
1239	384676
1224	384676
1224	384676
1224	384676
1224	384676
1224	384676
1224	384676
1224	384676
1224	384676
1224	384676
1224	384676
1224	384676
1224	384676
1224	384676
28890	384676
1224	384676
1224	384676
1224	384676
1224	384676
1224	384676
1224	384676
1224	384676
1224	384676
1224	384676
1224	384676
1224	384676
1239	384676
1224	384676
1224	384676
2	384676
1224	384676
1224	384676
1224	384676
1224	384676
1224	384676
1224	384676
1224	384676
1224	384676
1117	384676
1224	384676
1224	384676
1224	384676
1224	384676
1224	384676
1224	384676
1224	384676
1224	384676
1224	384676
1224	384676
1224	384676
1224	384676
1224	384676
1224	384676
1224	384676
1224	384676
1224	384676
1224	384676
1224	384676
1224	384676
1224	384676
1224	384676
1224	384676
200795	384676
1224	384676
1224	384676
1224	384676
1224	384676
1224	384676
1224	384676
1224	384676
1224	384676
1224	384676
1224	384676
1224	384676
1224	384676
1224	384676
1224	384676
1224	384676
1224	384676
1224	384676
1224	384676
1224	384676
1224	384676
1224	384676
1224	384676
1224	384676
1224	384676
1224	384676
1224	384676
1224	384676
1224	384676
1224	384676
1224	384676
1224	384676
1224	384676
1224	384676
1224	384676
1224	384676
1224	384676
1224	384676
1224	384676
1224	384676
1239	384676
1224	384676
1224	384676
131567	384676
1224	384676
1224	384676
1224	384676
1224	384676
1224	384676
1224	384676
1239	384676
1224	384676
1224	384676
1224	384676
1224	384676
1224	384676
1224	384676
1224	384676
1224	384676
2	384676
1224	384676
1224	384676
1224	384676
1224	384676
1224	384676
1224	384676
1224	384676
1224	384676
1224	384676
1224	384676
1224	384676
1224	384676
1224	384676
1224	384676
1224	384676
1224	384676
1224	384676
1224	384676
1224	384676
1239	384676
1224	384676
1224	384676
1224	384676
1224	384676
1224	384676
1224	384676
1224	384676
1224	384676
1224	384676
1224	384676
1224	384676
1224	384676
1224	384676
201174	384676
1224	384676
1224	384676
1224	384676
1224	384676
2	384676
1224	384676
1224	384676
1224	384676
1224	384676
1224	384676
1224	384676
1224	384676
1224	384676
1224	384676
1224	384676
1224	384676
1224	384676
1224	384676
1224	384676
1224	384676
1224	384676
1224	384676
1224	384676
1224	384676
1224	384676
1224	384676
1224	384676
1224	384676
1224	384676
1224	384676
1224	384676
1224	384676
1224	384676
1224	384676
1224	384676
28890	384676
1224	384676
1224	384676
1224	384676
1224	384676
1224	384676
1224	384676
1224	384676
1224	384676
1224	384676
1224	384676
1224	384676
1224	384676
1224	384676
1224	384676
1224	384676
1224	384676
1224	384676
1224	384676
1224	384676
1224	384676
1224	384676
1224	384676
1224	384676
1224	384676
1224	384676
1224	384676
1224	384676
1224	384676
1224	384676
1224	384676
1224	384676
1224	384676
1224	384676
1224	384676
1224	384676
1224	384676
1224	384676
1224	384676
1224	384676
1224	384676
1224	384676
1224	384676
33090	384676
1224	384676
1224	384676
1224	384676
1224	384676
1224	384676
1224	384676
1224	384676
1239	384676
1224	384676
1224	384676
1224	384676
1224	384676
1224	384676
1224	384676
1224	384676
1224	384676
1224	384676
1224	384676
1224	384676
1224	384676
1224	384676
1224	384676
1224	384676
1224	384676
1224	384676
1224	384676
1224	384676
1224	384676
1224	384676
1224	384676
1224	384676
1224	384676
1224	384676
1224	384676
1224	384676
1224	384676
1224	384676
1224	384676
1224	384676
1224	384676
1224	384676
1224	384676
1224	384676
1224	384676
1224	384676
1224	384676
1224	384676
1224	384676
1224	384676
1224	384676
1224	384676
1224	384676
1239	384676
1224	384676
1224	384676
1224	384676
1224	384676
1224	384676
1224	384676
1224	384676
1224	384676
201174	384676
1224	384676
1224	384676
1224	384676
1224	384676
1224	384676
1224	384676
1224	384676
1224	384676
1224	384676
1224	384676
1224	384676
1224	384676
1224	384676
1224	384676
1224	384676
51290	384676
1224	384676
1224	384676
1224	384676
1224	384676
1224	384676
1224	384676
1224	384676
1224	384676
1224	384676
1224	384676
1224	384676
1224	384676
1224	384676
1224	384676
1224	384676
1224	384676
1224	384676
1224	384676
1224	384676
1224	384676
1224	384676
1224	384676
1224	384676
1224	384676
1224	384676
1224	384676
1224	384676
1224	384676
1239	384676
1224	384676
1224	384676
1224	384676
33090	384676
1224	384676
1224	384676
1224	384676
1224	384676
1224	384676
1224	384676
1224	384676
33154	384676
1224	384676
1224	384676
1224	384676
1224	384676
1224	384676
1224	384676
1224	384676
1224	384676
1224	384676
1224	384676
1224	384676
1224	384676
1224	384676
1224	384676
1224	384676
1224	384676
1224	384676
1224	384676
1224	384676
1224	384676
1224	384676
1224	384676
1224	384676
1224	384676
1224	384676
1117	384676
1224	384676
1224	384676
1224	384676
1224	384676
1224	384676
1224	384676
1224	384676
1224	384676
1224	384676
33090	384676
1224	384676
1224	384676
1224	384676
1224	384676
1224	384676
1224	384676
1224	384676
1239	384676
1224	384676
1224	384676
1224	384676
1224	384676
1224	384676
1224	384676
1224	384676
1224	384676
1224	384676
1224	384676
1224	384676
1224	384676
1224	384676
201174	384676
1224	384676
1224	384676
1224	384676
1239	393595
1224	393595
1224	393595
1224	393595
1224	393595
1224	393595
1224	393595
1224	393595
1224	393595
1224	393595
1224	393595
1224	393595
1224	393595
1224	393595
1224	393595
1224	393595
1224	393595
1224	393595
1224	393595
1224	393595
1224	393595
1224	393595
1224	393595
1224	393595
1224	393595
1224	393595
201174	393595
1224	393595
1239	393595
33090	393595
1224	393595
1224	393595
1224	393595
1224	393595
1224	393595
1224	393595
1224	393595
1224	393595
1224	393595
1224	393595
1224	393595
33090	393595
1224	393595
1224	393595
1224	393595
1224	393595
1224	393595
1224	393595
1224	393595
1224	393595
1224	393595
1224	393595
1224	393595
1224	393595
1239	393595
201174	393595
1224	393595
1224	393595
1224	393595
1224	393595
1224	393595
1224	393595
1224	393595
33154	393595
1224	393595
2	393595
1224	393595
1224	393595
1224	393595
1224	393595
1224	393595
51290	393595
201174	393595
1224	393595
33090	393595
1224	393595
1224	393595
1224	393595
1224	393595
1224	393595
1224	393595
1224	393595
1224	393595
1224	393595
1224	393595
1224	393595
1224	393595
1224	393595
1224	393595
1224	393595
1224	393595
1224	393595
2	393595
1224	393595
1224	393595
1224	393595
1224	393595
1224	393595
1224	393595
1224	393595
1224	393595
1224	393595
1224	393595
1224	393595
1224	393595
1224	393595
1224	393595
1224	393595
1224	393595
1224	393595
1224	393595
1224	393595
1224	393595
1224	393595
1224	393595
1224	393595
1224	393595
1224	393595
1224	393595
1224	393595
1224	393595
1224	393595
1224	393595
1224	393595
1224	393595
1224	393595
1224	393595
1224	393595
1224	393595
1224	393595
1224	393595
1224	393595
33090	393595
1224	393595
1224	393595
1239	393595
1224	393595
1224	393595
1224	393595
1224	393595
1224	393595
1224	393595
1224	393595
1224	393595
1224	393595
1224	393595
1224	393595
1224	393595
1224	393595
1224	393595
1224	393595
1224	393595
1224	393595
1224	393595
1224	393595
1224	393595
1224	393595
1224	393595
1224	393595
1224	393595
1224	393595
1239	393595
1224	393595
1224	393595
1239	393595
1224	393595
1224	393595
1224	393595
1224	393595
1224	393595
1224	393595
1224	393595
1224	393595
33154	393595
1224	393595
1224	393595
1224	393595
1224	393595
1224	393595
1224	393595
1117	393595
1224	393595
1224	393595
1224	393595
1224	393595
33090	393595
1239	393595
1224	393595
2	393595
201174	393595
1224	393595
1224	393595
1224	393595
1224	393595
1224	393595
1224	393595
1224	393595
1224	393595
1224	393595
1224	393595
1224	393595
1224	393595
1224	393595
1239	393595
1224	393595
1224	393595
1224	393595
1224	393595
554915	393595
1224	393595
1224	393595
1224	393595
1224	393595
1224	393595
1224	393595
1224	393595
1224	393595
1224	393595
1224	393595
1224	393595
1224	393595
1224	393595
1224	393595
1224	393595
1224	393595
1224	393595
28890	393595
1224	393595
1224	393595
1224	393595
1224	393595
1224	393595
1224	393595
1224	393595
1224	393595
1224	393595
2759	393595
1224	393595
1224	393595
1224	393595
1224	393595
1224	393595
1224	393595
1224	393595
33090	393595
51290	393595
1224	393595
1224	393595
1224	393595
1224	393595
1224	393595
1224	393595
1224	393595
1224	393595
1224	393595
1224	393595
1224	393595
1224	393595
1224	393595
1224	393595
1224	393595
1224	393595
33154	393595
1224	393595
1224	393595
1224	393595
1224	393595
1224	393595
1224	393595
1224	393595
1224	393595
1224	393595
1224	393595
1224	393595
1224	393595
1224	393595
1224	393595
1224	393595
1224	393595
1224	393595
1224	393595
1224	393595
1224	393595
1224	393595
1224	393595
1224	393595
1224	393595
1239	272622
1239	272622
1239	272622
1239	272622
1239	272622
1239	272622
1239	272622
1239	272622
1239	272622
1239	272622
1239	272622
1239	272622
1239	272622
1239	272622
1239	272622
1239	272622
1239	272622
1239	272622
1239	272622
1239	272622
33090	272622
1239	272622
1239	272622
1239	272622
33154	272622
1239	272622
1239	272622
1239	272622
1239	272622
1239	272622
1239	272622
1239	272622
1239	272622
1239	272622
1239	272622
1239	272622
1239	272622
1239	272622
1239	272622
1239	272622
1239	272622
1239	272622
1239	272622
1239	272622
1239	272622
1239	272622
1239	272622
1239	272622
1239	272622
2	272622
1239	272622
2	272622
1239	272622
1239	272622
1239	272622
1239	272622
28883	272622
1239	272622
2759	272622
1239	272622
1239	272622
1239	272622
1239	272622
1239	272622
1239	272622
1239	272622
1239	272622
1239	272622
1239	272622
1239	272622
1239	272622
1239	272622
1239	272622
1239	272622
1239	272622
1239	272622
1239	272622
1239	272622
1239	272622
1239	272622
1239	272622
1239	272622
1239	272622
1239	272622
1239	272622
1239	272622
1239	272622
1239	272622
1239	272622
1224	272622
1239	272622
28890	272622
1239	272622
1239	272622
1239	272622
1239	272622
1239	272622
1239	272622
1239	272622
1224	272622
1239	272622
1239	272622
1239	272622
1239	272622
1239	272622
1239	272622
1239	272622
1239	272622
1239	272622
1239	272622
1239	272622
1239	272622
1239	272622
1239	272622
1239	272622
1239	272622
1239	272622
1239	272622
1239	272622
1239	272622
1239	272622
1239	272622
1239	272622
1224	272622
1239	272622
1239	272622
1224	272622
1239	272622
1239	272622
1239	272622
1297	272622
1239	272622
1239	272622
1239	272622
1239	272622
1239	272622
1239	272622
1239	272622
1239	272622
1239	272622
1239	272622
1239	272622
1239	272622
1239	272622
1239	272622
1239	272622
1239	272622
1239	272622
1239	272622
1239	272622
1239	272622
1239	272622
1239	272622
1239	272622
1239	272622
1239	272622
1239	272622
1239	272622
1239	272622
1239	272622
1239	272622
1239	272622
1239	272622
1239	272622
1239	272622
1239	272622
1239	272622
1239	272622
1239	272622
1239	272622
1239	272622
1239	272622
1239	272622
1239	272622
1239	272622
1239	272622
1239	272622
1239	272622
1239	272622
1239	272622
1239	272622
1239	272622
1239	272622
1239	272622
1239	272622
1239	272622
1239	272622
1239	272622
1224	272622
1239	272622
1239	272622
1239	272622
1239	272622
1239	272622
1239	272622
1239	272622
1239	272622
1239	272622
1239	272622
1239	272622
1239	272622
1239	272622
1239	272622
1297	272622
1239	272622
1239	272622
1239	272622
1239	272622
1239	272622
1239	272622
201174	272622
1239	272622
1239	272622
1239	272622
1239	272622
1239	272622
1239	272622
1239	272622
1239	272622
1224	272622
1239	272622
1239	272622
1239	272622
1239	272622
1239	272622
1239	272622
1224	272622
1239	272622
1239	272622
1239	272622
1239	272622
1239	272622
201174	272622
1239	272622
1239	272622
1239	272622
1239	272622
1239	272622
1239	272622
1239	272622
1239	272622
1239	272622
1239	272622
1239	272622
1224	272622
1239	272622
1239	272622
1239	272622
1239	272622
1239	272622
1239	272622
1239	272622
1239	272622
1239	272622
1239	272622
1239	272622
1239	272622
1239	272622
28883	272622
1239	272622
1239	272622
1239	272622
1239	272622
1239	272622
1239	272622
1239	272622
1239	272622
1239	272622
1239	272622
1239	272622
1239	272622
1239	272622
1239	272622
1239	272622
1239	272622
1239	272622
1239	272622
1239	272622
1239	272622
1239	272622
1239	272622
1239	272622
28883	272622
1239	272622
1239	272622
1239	272622
1239	272622
1239	272622
1239	272622
1224	354242
1224	354242
1224	354242
1117	354242
1224	354242
1224	354242
1224	354242
1224	354242
1224	354242
1224	354242
1224	354242
1224	354242
1224	354242
1224	354242
1224	354242
1224	354242
1224	354242
1224	354242
1224	354242
1224	354242
1224	354242
1224	354242
1224	354242
1224	354242
1224	354242
1224	354242
1224	354242
1224	354242
1224	354242
1224	354242
201174	354242
1224	354242
1224	354242
1224	354242
1224	354242
1224	354242
1224	354242
1224	354242
1224	354242
1224	354242
1224	354242
1224	354242
1224	354242
1224	354242
1224	354242
1224	354242
1224	354242
1224	354242
1224	354242
1224	354242
1224	354242
1224	354242
1224	354242
1224	354242
554915	354242
1224	354242
1224	354242
2	354242
1224	354242
1224	354242
1224	354242
1224	354242
1224	354242
1224	354242
1224	354242
1224	354242
1224	354242
1224	354242
1224	354242
1224	354242
1224	354242
1224	354242
1224	354242
1224	354242
1224	354242
1224	354242
1224	354242
1224	354242
1239	354242
1224	354242
1224	354242
1224	354242
1224	354242
1224	354242
1224	354242
1224	354242
1224	354242
1224	354242
1224	354242
1224	354242
1224	354242
1224	354242
1224	354242
1224	354242
1117	354242
1224	354242
1224	354242
1224	354242
1224	354242
1224	354242
1224	354242
1239	354242
1224	354242
1224	354242
1239	354242
1224	354242
1224	354242
1224	354242
1224	354242
1224	354242
1224	354242
1224	354242
1224	354242
1224	354242
1224	354242
1224	354242
1224	354242
1224	354242
1224	354242
1224	354242
2	354242
1224	354242
1224	354242
1224	354242
1224	354242
1224	354242
1224	354242
1224	354242
1224	354242
1224	354242
1224	354242
1224	354242
1224	354242
1224	354242
1224	354242
1224	354242
1224	354242
1224	354242
1239	354242
1224	354242
1224	354242
1224	354242
1224	354242
1224	354242
1224	354242
1224	354242
1224	354242
1224	354242
1224	354242
1224	354242
1224	354242
1224	354242
1224	354242
1224	354242
1224	354242
1224	354242
1224	354242
1224	354242
1224	354242
1224	354242
1224	354242
1224	354242
1239	354242
1224	354242
1224	354242
1224	354242
1224	354242
1224	354242
1224	354242
1224	354242
1224	354242
1224	354242
1224	354242
1224	354242
201174	354242
1239	354242
1224	354242
1224	354242
1224	354242
1224	354242
1224	354242
1224	354242
1224	354242
1224	354242
1224	354242
1224	354242
1224	354242
1224	354242
1117	354242
1224	354242
1224	354242
1224	354242
28890	368407
28890	368407
28890	368407
28890	368407
28890	368407
28890	368407
28890	368407
28890	368407
28890	368407
1224	368407
28890	368407
1239	368407
28890	368407
28890	368407
2157	368407
28890	368407
28890	368407
28890	368407
28890	368407
28890	368407
28890	368407
28890	368407
28890	368407
28890	368407
28890	368407
28890	368407
1224	368407
1239	368407
28890	368407
1224	368407
28890	368407
28890	368407
28890	368407
28890	368407
28890	368407
28890	368407
28890	368407
1239	368407
28890	368407
28890	368407
28890	368407
28890	368407
1117	368407
28890	368407
1224	368407
28890	368407
28890	368407
28890	368407
28890	368407
28890	368407
28890	368407
1117	368407
1224	368407
28890	368407
28890	368407
28890	368407
1224	368407
1239	368407
28890	368407
28890	368407
28890	368407
28890	368407
28890	368407
1117	368407
28890	368407
28890	368407
28890	368407
28890	368407
28890	368407
28890	368407
28890	368407
28890	368407
28890	368407
28890	368407
28890	368407
28890	368407
28890	368407
33154	368407
28890	368407
1117	368407
28890	368407
28890	368407
28890	368407
28890	368407
28890	368407
1239	368407
1239	368407
131567	368407
28890	368407
28889	368407
33090	368407
28890	368407
28890	368407
28890	368407
28890	368407
28890	368407
28890	368407
28890	368407
1117	368407
131567	368407
28890	368407
28890	368407
28890	368407
28890	368407
28890	368407
28890	368407
28890	368407
28890	368407
28890	368407
28890	368407
28890	368407
1224	368407
28890	368407
28890	368407
28890	368407
28890	368407
1239	368407
28890	368407
1224	368407
28890	368407
28890	368407
28890	368407
28890	368407
28890	368407
1239	368407
28890	368407
28890	368407
200783	368407
28890	368407
28890	368407
200783	368407
28890	368407
28890	368407
1239	368407
28890	368407
1224	368407
28890	368407
28890	368407
28890	368407
28890	368407
28890	368407
28890	368407
28890	368407
28890	368407
28890	368407
28890	368407
28890	368407
28890	368407
28890	368407
28890	368407
28889	368407
1239	368407
28890	368407
28890	368407
28890	368407
28890	368407
28890	368407
28890	368407
28890	368407
1239	368407
28890	368407
28890	368407
28890	368407
28890	368407
201174	368407
1239	368407
28890	368407
28890	368407
28890	368407
1224	368407
28890	368407
28890	368407
28890	368407
28890	368407
28890	368407
28890	368407
1224	381754
1239	381754
1224	381754
1224	381754
1224	381754
1224	381754
1224	381754
1224	381754
1224	381754
1224	381754
1224	381754
1224	381754
1224	381754
1224	381754
1224	381754
1224	381754
1224	381754
1224	381754
1224	381754
1224	381754
1224	381754
1224	381754
1224	381754
1224	381754
1224	381754
1224	381754
1224	381754
1224	381754
1224	381754
1224	381754
1224	381754
1224	381754
1224	381754
1224	381754
1224	381754
1224	381754
1224	381754
1224	381754
1224	381754
1224	381754
1224	381754
1224	381754
1224	381754
1224	381754
1224	381754
1224	381754
1224	381754
1224	381754
1224	381754
1224	381754
1224	381754
1224	381754
1224	381754
1224	381754
1224	381754
1224	381754
1224	381754
1224	381754
1224	381754
1224	381754
1224	381754
1224	381754
1224	381754
1224	381754
1224	381754
1224	381754
131567	381754
1224	381754
1224	381754
1224	381754
1224	381754
1224	381754
1224	381754
1224	381754
1224	381754
1224	381754
1224	381754
1224	381754
1224	381754
33154	381754
33154	381754
1224	381754
1224	381754
1224	381754
1224	381754
1224	381754
1239	381754
1224	381754
1224	381754
1239	381754
1224	381754
1224	381754
1224	381754
1224	381754
1224	381754
1224	381754
1224	381754
1224	381754
1224	381754
1224	381754
1224	381754
1224	381754
1224	381754
1224	381754
1224	381754
1224	381754
1224	381754
1224	381754
1224	381754
1224	381754
1224	381754
28890	381754
1224	381754
1224	381754
1224	381754
1224	381754
1224	381754
1224	381754
1224	381754
1224	381754
1224	381754
1224	381754
1224	381754
1224	381754
51290	381754
1224	381754
1224	381754
1224	381754
1224	381754
1224	381754
1224	381754
1224	381754
1224	381754
1224	381754
1224	381754
1224	381754
1224	381754
1224	381754
1224	381754
1224	381754
1224	381754
1224	381754
1224	381754
1224	381754
1224	381754
1224	381754
1224	381754
1224	381754
1224	381754
1117	381754
1224	381754
1224	381754
1224	381754
1224	381754
1224	381754
1224	381754
1224	381754
1239	381754
1224	381754
1224	381754
1224	381754
1224	381754
1224	381754
1224	381754
1224	381754
1239	381754
1224	381754
1224	381754
1224	381754
1224	381754
1224	381754
1224	381754
1224	381754
1224	381754
1224	381754
1224	381754
1224	381754
1224	381754
1224	381754
1224	381754
1224	381754
1224	381754
1224	381754
1224	381754
1224	381754
1224	381754
1224	381754
1224	381754
1224	381754
1224	381754
1224	381754
1224	381754
1224	381754
1224	381754
1224	381754
1224	381754
1224	381754
1224	381754
1224	381754
1224	381754
1224	381754
1224	381754
1224	381754
1224	381754
1224	381754
10860	381754
1224	381754
1224	381754
1224	381754
1224	381754
1224	381754
1224	381754
1224	381754
1224	381754
1224	381754
1224	381754
1224	381754
1224	381754
1224	381754
1224	381754
1224	381754
1224	381754
1224	381754
1224	381754
1224	381754
1224	381754
1224	381754
1224	381754
1224	381754
1224	381754
1224	381754
1224	381754
1224	381754
1224	381754
201174	381754
1224	381754
1224	381754
1224	381754
1224	381754
1224	381754
1224	381754
1224	381754
1224	381754
33090	381754
1224	381754
1224	381754
1224	381754
1224	381754
1224	381754
1239	381754
1224	381754
1224	381754
1224	381754
1224	381754
1224	381754
1224	381754
1224	381754
1224	381754
1224	381754
1224	381754
1224	381754
1224	381754
1224	381754
1224	381754
1224	381754
1224	381754
1224	381754
1224	381754
1224	381754
1224	381754
1224	381754
1224	381754
1224	381754
1224	381754
1224	381754
1224	381754
33154	381754
1224	381754
1224	381754
1224	381754
1224	381754
1224	381754
1224	381754
33154	381754
1224	381754
1224	381754
1224	381754
1224	381754
1224	381754
1224	381754
1224	381754
1224	381754
1224	381754
1224	381754
1224	381754
1224	381754
1224	381754
1224	381754
1224	381754
1224	381754
1224	381754
1224	381754
201174	381754
1224	381754
1224	381754
1224	381754
1224	381754
1224	381754
1224	381754
1224	381754
1224	381754
1224	381754
1224	381754
1224	381754
1224	381754
1224	381754
1224	381754
1224	381754
1224	381754
1224	381754
1239	381754
1224	381754
1224	381754
1224	381754
1224	381754
1224	381754
1224	381754
1224	381754
1224	381754
1224	381754
1224	381754
1224	381754
1224	381754
1224	381754
1224	381754
1224	381754
1224	381754
1224	381754
1224	381754
1224	381754
1224	381754
1224	381754
1224	381754
1224	381754
201174	381754
1224	381754
1224	381754
1224	381754
1224	381754
1224	381754
1224	381754
1224	381754
1224	381754
1224	381754
1224	381754
1224	381754
1224	381754
1224	381754
1224	381754
1224	381754
1224	381754
1239	381754
1224	381754
1224	381754
1224	381754
1224	381754
1224	381754
1224	381754
1224	381754
1224	381754
1224	381754
1224	381754
1224	381754
1224	381754
1224	381754
1224	381754
1224	381754
1224	381754
1224	381754
201174	381754
1224	381754
1224	381754
1224	381754
1239	381754
1224	381754
1224	381754
1224	381754
1224	381754
1224	381754
1224	381754
1224	381754
1224	381754
1224	381754
1224	381754
1224	381754
1224	381754
201174	381754
1224	381754
1224	381754
1224	381754
1224	381754
1224	381754
1224	381754
1224	381754
1224	381754
1224	381754
1224	381754
1224	381754
1224	381754
1224	381754
1224	381754
1224	381754
1224	381754
1224	381754
1224	381754
1224	381754
1224	381754
1224	381754
1224	381754
1224	381754
1224	381754
1224	381754
1224	381754
1224	381754
1224	381754
1224	381754
1224	381754
201174	381754
1224	381754
1224	381754
1224	381754
1224	381754
1224	381754
1224	381754
1239	381754
1224	381754
1224	381754
1224	381754
2	381754
1224	381754
1224	381754
201174	381754
1224	381754
1224	381754
1224	381754
1224	381754
1224	381754
1224	381754
1224	381754
1224	381754
1224	381754
1224	381754
1224	381754
1224	381754
1224	381754
1224	381754
1224	381754
1224	381754
1224	381754
1224	381754
1224	381754
1224	381754
1224	381754
1224	381754
1224	381754
1224	381754
1224	381754
1224	381754
1224	381754
28883	381754
1224	381754
1224	381754
1224	381754
1224	381754
1224	381754
1224	381754
1224	381754
1224	381754
1224	381754
1224	381754
1224	381754
1224	381754
1224	381754
1224	381754
1224	381754
1224	381754
1224	381754
1224	381754
1224	381754
1224	381754
1224	381754
1224	381754
1224	381754
1224	381754
1224	381754
1224	381754
1224	381754
1224	381754
1224	381754
1224	381754
1224	381754
1224	381754
1224	381754
1224	381754
1224	381754
1224	381754
1224	381754
1224	381754
1224	381754
1224	381754
131567	381754
1224	381754
1224	381754
1224	381754
51290	381754
1224	381754
33090	381754
1224	381754
1224	381754
1224	381754
1224	381754
1224	381754
1224	381754
1224	381754
1224	381754
1224	381754
1224	381754
1224	381754
1239	381754
1224	381754
1224	381754
1224	381754
1224	381754
1224	381754
1224	381754
1224	381754
1224	381754
1224	381754
201174	381754
1224	381754
1224	381754
1224	381754
28890	381754
1224	381754
1224	381754
1224	381754
1224	381754
1224	381754
1224	381754
1224	381754
1224	381754
1224	381754
1239	381754
1224	381754
1224	381754
1224	381754
1224	381754
1224	381754
1224	381754
1224	381754
1224	381754
201174	381754
1224	381754
1224	381754
1224	381754
1224	381754
1224	381754
2	381754
1224	381754
1224	381754
1224	381754
1224	381754
1224	381754
1224	381754
1224	381754
1224	381754
1224	381754
1224	381754
1224	381754
1224	381754
1224	381754
1224	381754
1224	381754
1224	381754
10860	381754
1224	381754
1224	381754
1224	381754
1224	381754
1224	381754
1224	381754
1224	381754
1224	381754
1224	381754
1239	381754
1224	381754
1224	381754
1224	381754
1224	381754
1224	381754
1224	381754
1224	381754
1224	381754
1117	381754
201174	381754
1224	381754
1224	381754
1224	381754
1224	381754
1224	381754
1224	381754
1224	381754
1224	381754
1224	381754
1224	381754
1224	381754
1224	381754
1224	381754
2	381754
1224	381754
1224	381754
1224	381754
1224	381754
1224	381754
1224	381754
1224	381754
1224	381754
1224	381754
1224	381754
1224	381754
1224	381754
1224	381754
1224	381754
1224	381754
1224	381754
1224	381754
1224	381754
1224	381754
1224	381754
1224	381754
1224	381754
1224	381754
1224	381754
1224	381754
33090	381754
1224	381754
1224	381754
1224	381754
1224	381754
1224	381754
1224	381754
1224	381754
1224	381754
1224	381754
1224	381754
1224	381754
1224	381754
1224	381754
1224	381754
1224	381754
1224	381754
1224	381754
1224	381754
1224	381754
1224	381754
1224	176299
1224	176299
1224	176299
1224	176299
1224	176299
1224	176299
1224	176299
1224	176299
1224	176299
1239	176299
1224	176299
1224	176299
1239	176299
1224	176299
1224	176299
1224	176299
1224	176299
1224	176299
1224	176299
1224	176299
1224	176299
1224	176299
1224	176299
1224	176299
1224	176299
1224	176299
1224	176299
1224	176299
33154	176299
1224	176299
1224	176299
1224	176299
1224	176299
1224	176299
1224	176299
1224	176299
1224	176299
1224	176299
1224	176299
1224	176299
2	176299
1224	176299
33090	176299
1224	176299
1224	176299
1224	176299
1224	176299
1224	176299
1224	176299
200918	176299
28890	176299
1224	176299
1224	176299
1224	176299
1224	176299
1224	176299
1224	176299
1224	176299
1224	176299
1224	176299
1224	176299
1224	176299
1224	176299
1224	176299
1239	176299
1224	176299
1224	176299
1224	176299
1224	176299
201174	176299
1224	176299
1224	176299
1224	176299
1224	176299
1224	176299
1224	176299
1224	176299
1224	176299
1224	176299
1224	176299
1224	176299
1224	176299
1224	176299
1224	176299
1224	176299
1224	176299
1224	176299
1224	176299
1239	176299
1224	176299
1224	176299
1224	176299
1224	176299
1224	176299
1224	176299
1224	176299
1224	176299
1224	176299
1224	176299
1224	176299
554915	176299
1224	176299
1224	176299
1224	176299
1224	176299
1224	176299
1224	176299
1224	176299
1224	176299
33154	176299
2	176299
1117	176299
1224	176299
1224	176299
1224	176299
1224	176299
1224	176299
1224	176299
1224	176299
1224	176299
1224	176299
1224	176299
1224	176299
1224	176299
1224	176299
1224	176299
1224	176299
1224	176299
1224	176299
201174	176299
1224	176299
1224	176299
1224	176299
201174	176299
131567	176299
1224	176299
1224	176299
1224	176299
2759	176299
1224	176299
1224	176299
1224	176299
1224	176299
1224	176299
1224	176299
1224	176299
1224	176299
1224	176299
1224	176299
1224	176299
1224	176299
1224	176299
1224	176299
1224	176299
1224	176299
1224	176299
1224	176299
1224	176299
1224	176299
1224	176299
1224	176299
1224	176299
1224	176299
1224	176299
1224	176299
1224	176299
1224	176299
1224	176299
1224	176299
1224	176299
1224	176299
1224	176299
1224	176299
1224	176299
1224	176299
1224	176299
1224	176299
1224	176299
1224	176299
1224	176299
1224	176299
1224	176299
1224	176299
1224	176299
1224	176299
1224	176299
1224	176299
1224	176299
1224	176299
1224	176299
1224	176299
1224	176299
1224	176299
1224	176299
1224	176299
1224	176299
1224	176299
1224	176299
1224	176299
1224	176299
1224	176299
1224	176299
131567	176299
1224	176299
1224	176299
1224	176299
1224	176299
1224	176299
1224	176299
1224	176299
1224	176299
1224	176299
1224	176299
1224	176299
1224	176299
1224	176299
1224	176299
1224	176299
1224	176299
1224	176299
1297	176299
1224	176299
1224	176299
1224	176299
1224	176299
1224	176299
1224	176299
1224	176299
1224	176299
1224	176299
1224	176299
1224	176299
1224	176299
1224	176299
1224	176299
1224	176299
1224	176299
1224	176299
1224	176299
1224	176299
1224	176299
1224	176299
1224	176299
1224	316385
1224	316385
1224	316385
1224	316385
1224	316385
1224	316385
1224	316385
1224	316385
1224	316385
1224	316385
1224	316385
1224	316385
1224	316385
1224	316385
1224	316385
1224	316385
1224	316385
1224	316385
1224	316385
1224	316385
1224	316385
1224	316385
1224	316385
1224	316385
1224	316385
1224	316385
28883	316385
1224	316385
1224	316385
1224	316385
1224	316385
1224	316385
1224	316385
1224	316385
1224	316385
1224	316385
1224	316385
1224	316385
1224	316385
1224	316385
1224	316385
1224	316385
1224	316385
1224	316385
1224	316385
1224	316385
1224	316385
1224	316385
1224	316385
1224	316385
1224	316385
1224	316385
1224	316385
1224	316385
1224	316385
1224	316385
1224	316385
1224	316385
1224	316385
1224	316385
1224	316385
1224	316385
1	316385
1224	316385
1224	316385
1224	316385
1224	316385
1224	316385
1224	316385
1224	316385
1224	316385
1224	316385
1224	316385
1224	316385
1224	316385
1224	316385
1224	316385
1224	316385
1224	316385
1224	316385
1224	316385
1224	316385
1224	316385
1224	316385
1224	316385
1224	316385
1224	316385
1224	316385
1224	316385
1224	316385
1224	316385
1224	316385
1224	316385
1224	316385
1224	316385
1224	316385
1224	316385
1224	316385
1224	316385
1224	316385
1224	316385
1224	316385
1224	316385
1224	316385
1224	316385
1224	316385
1224	316385
1224	316385
1224	316385
1224	316385
1224	316385
1224	316385
1224	316385
1224	316385
1224	316385
1224	316385
1224	316385
1224	316385
28883	316385
1224	316385
1224	316385
1224	316385
1224	316385
28883	316385
1224	316385
1224	316385
1224	316385
1224	316385
1224	316385
1224	316385
1224	316385
1224	316385
1224	316385
1224	316385
1224	316385
1224	316385
1224	316385
1224	316385
1224	316385
1224	316385
1224	316385
1224	316385
1224	316385
1224	316385
1224	316385
1224	316385
1224	316385
1224	316385
1224	316385
1224	316385
1224	316385
1224	316385
1224	316385
1224	316385
1224	316385
1224	316385
1224	316385
1224	316385
1224	316385
1224	316385
1224	316385
1224	316385
1224	316385
1224	316385
1224	316385
1224	316385
1224	316385
1224	316385
1224	316385
1224	316385
1224	316385
1224	316385
1224	316385
1224	316385
1224	316385
1224	316385
1224	316385
1224	316385
1224	316385
1224	316385
1224	316385
1224	316385
1224	316385
1224	316385
1224	316385
1224	316385
1224	316385
1224	316385
1224	316385
1224	316385
1224	316385
1224	316385
1224	316385
1224	316385
1224	316385
1224	316385
1224	316385
1224	316385
1224	316385
1224	316385
1224	316385
1224	316385
1224	316385
1224	316385
1224	316385
1224	316385
1224	316385
1224	316385
1224	316385
1224	316385
1224	316385
1224	316385
1224	316385
1224	316385
1224	316385
1224	316385
1224	316385
1224	316385
1224	316385
1224	316385
1224	316385
1224	316385
1224	316385
1224	316385
1224	316385
1224	316385
1224	316385
1224	316385
1224	316385
1224	316385
1224	316385
1224	316385
1224	316385
1224	316385
1224	316385
1224	316385
1224	316385
1224	316385
1224	316385
1224	316385
1224	316385
1224	316385
1224	316385
1224	316385
1224	316385
1224	316385
1224	316385
1224	316385
1224	316385
1224	316385
1224	316385
1224	316385
1224	316385
1224	316385
1224	316385
1224	316385
1224	316385
1224	316385
1224	316385
1224	316385
1224	316385
1224	316385
1224	316385
1224	316385
1224	316385
1224	316385
1224	316385
1224	316385
1224	316385
1224	316385
1224	316385
1224	316385
1224	316385
1224	316385
1224	316385
1224	316385
1224	316385
1224	316385
1224	316385
1224	316385
1224	316385
1224	316385
1224	316385
1224	316385
1224	316385
1224	316385
1224	316385
1224	316385
1224	316385
1224	316385
1	316385
1224	316385
1224	316385
1224	316385
1224	316385
1224	316385
1224	316385
1224	316385
1224	316385
28883	316385
1224	316385
1224	316385
1224	316385
1224	316385
1224	316385
1224	316385
1224	316385
1224	316385
1224	316385
1224	316385
1224	316385
1224	316385
1224	316385
1224	316385
1224	316385
1224	316385
1224	316385
1224	316385
1224	316385
1224	316385
1224	316385
1224	316385
1224	316385
1224	316385
1224	316385
1224	316385
1224	316385
1224	316385
1224	316385
1224	316385
1224	316385
1224	316385
1224	316385
1224	316385
1224	316385
1224	316385
1224	316385
1224	316385
1224	316385
1224	316385
1224	316385
1224	316385
1224	316385
1224	316385
1224	316385
1224	316385
1224	316385
1224	316385
1224	316385
1224	316385
1224	316385
1224	316385
1224	316385
1224	316385
1224	316385
1224	316385
1224	316385
1224	316385
1224	316385
1224	316385
1224	316385
1224	316385
1224	316385
1224	316385
1224	316385
1224	316385
1224	316385
1224	316385
1224	316385
1224	316385
1224	316385
1224	316385
1224	316385
1224	316385
1224	316385
1224	316385
1224	316385
1224	316385
1224	316385
1224	316385
1	316385
1224	316385
1224	316385
1224	316385
1224	316385
1224	316385
1224	316385
1224	316385
1224	316385
1224	316385
1224	316385
1224	316385
1224	316385
1224	316385
1224	316385
1224	316385
1224	316385
1224	316385
1224	316385
1224	316385
1224	316385
1224	316385
1224	316385
1224	316385
1224	316385
1224	316385
1224	316385
1224	316385
1224	316385
1224	316385
1224	316385
1224	316385
1224	316385
1224	316385
1224	316385
1224	316385
1224	316385
1224	316385
1224	316385
1224	316385
1224	316385
1224	316385
1224	316385
1224	316385
1224	316385
1224	316385
1224	316385
1224	316385
1224	316385
1224	316385
1224	316385
1224	316385
1224	316385
1224	316385
1224	316385
1224	316385
1224	316385
1224	316385
1224	316385
1224	316385
1224	316385
1224	316385
1224	316385
1224	316385
1224	316385
1224	316385
1224	316385
1224	316385
1224	316385
1224	316385
1224	316385
1224	316385
1224	316385
1224	316385
1224	316385
1224	316385
1224	316385
1224	316385
1224	316385
1224	316385
1224	316385
1224	316385
1224	316385
1224	316385
1224	316385
1224	316385
1224	316385
1224	316385
1224	316385
1224	316385
1224	316385
1224	316385
1224	316385
1224	316385
1224	316385
1224	316385
1224	316385
1224	316385
1224	316385
1224	316385
1224	316385
1224	316385
1224	316385
1224	316385
1224	316385
1224	316385
1224	316385
1224	316385
1224	316385
1224	316385
1224	316385
1224	316385
1224	316385
1224	316385
1224	316385
1224	316385
1224	316385
1224	316385
1224	316385
1224	316385
1224	316385
1224	316385
1224	316385
1224	316385
1224	316385
1224	316385
1224	316385
1224	316385
1224	316385
1224	316385
1224	316385
1224	316385
1224	316385
1224	316385
1224	316385
1224	316385
1224	316385
1224	316385
1224	316385
1224	316385
1224	316385
1224	316385
1224	316385
1224	316385
1224	316385
1224	316385
1224	316385
1224	316385
1224	316385
1224	316385
1224	316385
1224	316385
1224	316385
1224	316385
1224	316385
1224	316385
1224	316385
1224	316385
1224	316385
1224	316385
1224	316385
1224	316385
1224	316385
1224	316385
1224	316385
1224	316385
1224	316385
1224	316385
1224	316385
1224	316385
1224	316385
1224	316385
1224	316385
1224	316385
1224	316385
1224	316385
1224	316385
1224	316385
1224	316385
1224	316385
1224	316385
1224	316385
1224	316385
1224	316385
1224	316385
1224	316385
1224	316385
1224	316385
1224	316385
1224	316385
1224	316385
1224	316385
1224	316385
1224	316385
1224	316385
1224	316385
1224	316385
1224	316385
1224	316385
1224	316385
1224	316385
1224	316385
1224	316385
1224	316385
1224	316385
1224	316385
1224	316385
1224	316385
1224	316385
1224	316385
1224	316385
1224	316385
1224	316385
1224	316385
1224	316385
1224	316385
1224	316385
1224	316385
1224	316385
1224	316385
1224	316385
1224	316385
1224	316385
1224	316385
1224	316385
1224	316385
1224	316385
1224	316385
1224	316385
1224	316385
1224	316385
1224	316385
1224	316385
1224	316385
1224	316385
1224	316385
1224	316385
1224	316385
1224	316385
1224	316385
1224	316385
1224	316385
1224	316385
1224	316385
1224	316385
1224	316385
1224	316385
1224	316385
1224	316385
1224	316385
1224	316385
1224	316385
1224	316385
1224	316385
1224	316385
1224	316385
1224	316385
1224	316385
1224	316385
1224	316385
1224	316385
1224	316385
1224	316385
1224	316385
1224	316385
1224	316385
1224	316385
1224	316385
1224	316385
1224	316385
1224	316385
1224	316385
1224	316385
1224	316385
1224	316385
1224	316385
1224	316385
1224	316385
1224	316385
1224	316385
1224	316385
1224	316385
1224	316385
1224	316385
1224	316385
1224	316385
1224	316385
1224	316385
1224	316385
1224	316385
1224	316385
1224	316385
1224	316385
1224	316385
1224	316385
1	316385
1224	316385
1224	316385
1224	316385
1224	316385
1224	316385
1224	316385
1224	316385
1224	316385
1224	316385
1224	316385
1224	316385
1224	316385
1224	316385
1224	316385
1224	316385
1224	316385
1224	316385
1224	316385
1224	316385
1224	316385
1224	316385
1224	316385
1224	316385
1224	316385
1224	316385
1224	316385
1224	316385
1224	316385
1224	316385
1224	316385
1224	316385
1224	316385
1224	316385
1224	316385
1224	316385
1224	316385
1224	316385
1224	316385
1224	316385
1224	316385
1224	316385
1224	316385
1224	316385
1224	316385
1224	316385
1224	316385
1224	316385
1224	316385
1224	316385
1224	316385
1224	316385
1224	316385
1224	316385
1224	316385
1224	316385
1224	316385
1224	316385
1224	316385
1224	316385
1224	316385
1224	316385
1224	316385
1224	316385
1224	316385
1224	316385
1224	316385
1224	316385
1224	316385
1224	316385
1224	316385
1224	316385
1224	316385
1224	316385
1224	316385
28883	316385
1224	316385
1224	316385
1224	316385
1224	316385
1224	316385
1224	316385
1224	316385
1224	316385
1224	316385
1224	316385
1224	316385
1224	316385
1224	316385
1224	316385
1224	316385
1224	316385
1224	316385
1224	316385
1224	316385
1224	316385
1224	316385
1224	316385
1224	316385
1224	316385
1224	316385
1224	316385
1224	316385
1224	316385
1224	316385
1224	316385
1224	316385
1224	316385
1224	316385
1224	316385
1224	316385
1224	316385
1224	316385
1224	316385
1224	316385
1224	316385
1224	316385
1224	316385
1224	316385
1224	316385
1224	316385
1224	316385
1224	316385
1224	316385
1224	316385
1224	316385
1224	316385
1224	316385
1224	316385
1224	316385
1224	316385
1224	316385
1224	316385
1224	316385
1224	316385
1224	316385
1224	316385
1224	316385
1224	316385
1224	316385
1224	316385
1224	316385
1224	316385
1224	316385
1224	316385
1224	316385
1224	316385
1224	316385
1224	316385
1224	316385
1224	316385
1224	316385
1224	316385
1224	316385
1224	316385
1224	316385
1224	316385
1224	316385
1224	316385
1224	316385
1224	316385
1224	316385
1224	316385
1224	316385
1224	316385
1224	316385
1224	316385
1224	316385
1224	316385
1224	316385
1224	316385
1224	316385
1224	316385
1224	316385
1224	316385
1224	316385
1224	316385
1224	316385
1224	316385
1224	316385
1224	316385
1224	316385
1224	316385
1224	316385
1224	316385
1224	316385
1224	316385
1224	316385
1224	316385
1224	316385
1224	316385
1224	316385
1224	316385
1224	316385
1224	316385
1224	316385
1224	316385
1224	316385
1224	316385
1224	316385
1224	316385
1224	316385
1224	316385
1224	316385
1224	316385
1224	316385
1224	316385
1224	316385
1224	316385
1224	316385
1224	316385
1224	316385
1224	316385
1224	316385
1224	316385
1224	316385
1224	316385
1224	316385
1224	316385
1224	316385
1224	316385
1224	316385
1224	316385
1224	316385
1224	316385
1224	316385
1224	316385
1224	316385
1224	316385
1224	316385
1224	316385
1224	316385
1224	316385
1224	316385
1224	316385
1224	316385
1224	316385
1224	316385
1224	316385
1224	316385
1224	316385
1224	316385
1224	316385
1224	316385
1224	316385
1224	316385
1224	316385
1224	316385
1224	316385
1224	316385
1224	316385
1224	316385
1224	316385
1224	316385
1224	316385
1224	316385
1224	316385
1224	316385
1224	316385
1224	316385
1224	316385
1224	316385
1224	316385
1224	316385
1224	316385
1224	316385
1224	316385
1224	316385
1224	316385
1224	316385
1224	316385
1224	316385
1224	316385
1224	316385
1224	316385
1224	316385
1224	316385
1224	316385
1224	316385
1224	316385
1224	316385
1224	316385
1224	316385
1224	316385
1224	316385
1224	316385
1224	316385
1224	316385
1224	316385
1224	316385
1224	316385
1224	316385
1224	316385
1224	316385
1224	316385
1224	316385
1224	316385
1224	316385
1224	316385
1224	316385
1224	316385
1224	316385
1224	316385
1224	316385
1224	316385
1224	316385
1224	316385
1224	316385
1224	316385
1224	316385
1224	316385
1224	316385
1224	316385
1224	316385
1224	316385
1224	316385
1	316385
1224	316385
1224	316385
1224	316385
1224	316385
1224	316385
1224	316385
1224	316385
1224	316385
1224	316385
1224	316385
1224	316385
1224	316385
1224	316385
1224	316385
1224	316385
1224	316385
1224	316385
1224	316385
1224	316385
1224	316385
1224	316385
1224	316385
1224	316385
1224	316385
1224	316385
1224	316385
1224	316385
1224	316385
1224	316385
1224	316385
1224	316385
1224	316385
1224	316385
1224	316385
1224	316385
1224	316385
1224	316385
1224	316385
1224	316385
1224	316385
1224	316385
1224	316385
1224	316385
1224	316385
1224	316385
1224	316385
1224	316385
1224	316385
1224	316385
1224	316385
1224	316385
1224	316385
1224	316385
1224	316385
1224	316385
1224	316385
1224	316385
1224	316385
1224	316385
1224	316385
1224	316385
1224	316385
1224	316385
1224	316385
1224	316385
1224	316385
1224	316385
1224	316385
1224	316385
1224	316385
1224	316385
1224	316385
1224	316385
1224	316385
1224	316385
1224	316385
1224	316385
1224	316385
1224	316385
1224	316385
1224	316385
1224	316385
1224	316385
1224	316385
1224	316385
1224	316385
1224	316385
1224	316385
1224	316385
1224	316385
1224	316385
1224	316385
1224	316385
1224	316385
1224	316385
1224	316385
1224	316385
1224	316385
1224	316385
1224	316385
1224	316385
1224	316385
1224	316385
1224	316385
1224	316385
1224	316385
1224	316385
1224	316385
1224	316385
1224	316385
1224	316385
1224	316385
1224	316385
1224	316385
1224	316385
1224	316385
1224	316385
1224	316385
1224	316385
1224	316385
1224	316385
1224	316385
1224	316385
1224	316385
1224	316385
1224	316385
1224	316385
1224	316385
1224	316385
1224	316385
1224	316385
1224	316385
1224	316385
1224	316385
1224	316385
1224	316385
1224	316385
1224	316385
1224	316385
1224	316385
1224	316385
1224	316385
1224	316385
1224	316385
1224	316385
1224	316385
1224	316385
1224	316385
1224	316385
1224	316385
1224	316385
1224	316385
1224	316385
1224	316385
1224	316385
1224	316385
1224	316385
28883	316385
1224	316385
1224	316385
1224	316385
1224	316385
1224	316385
1224	316385
1224	316385
1224	316385
1224	316385
1224	316385
1224	316385
1224	316385
1224	316385
1224	316385
1224	316385
1224	316385
1224	316385
1224	316385
1224	316385
1224	316385
1224	316385
1224	316385
1224	316385
1224	316385
1224	316385
1224	316385
1224	316385
1224	316385
1224	316385
1224	316385
1224	316385
1224	316385
1224	316385
1224	316385
1224	316385
1224	316385
1224	316385
1224	316385
1224	316385
1224	316385
1224	316385
1224	316385
1224	316385
1224	316385
1224	316385
1224	316385
1224	316385
1224	316385
1224	316385
1224	316385
1224	316385
1224	316385
1224	316385
1224	316385
1224	316385
1224	316385
1224	316385
1224	316385
1224	316385
1224	316385
1224	316385
1224	316385
1224	316385
1224	316385
1224	316385
1224	316385
1224	316385
1224	316385
1224	316385
1224	316385
1224	316385
1224	316385
1224	316385
1224	316385
1224	316385
1224	316385
1224	316385
1224	316385
1224	316385
1224	316385
1224	316385
1224	316385
1224	316385
1224	316385
1224	316385
1224	316385
1224	316385
1224	316385
1224	316385
1224	316385
1224	316385
1224	316385
1224	316385
1224	316385
1224	316385
1224	316385
1224	316385
1224	316385
1224	316385
1224	316385
1224	316385
1224	316385
1224	316385
1224	316385
1224	316385
1224	316385
1224	316385
1224	316385
1224	316385
1224	316385
1224	316385
1224	316385
1224	316385
1224	316385
1224	316385
1224	316385
1224	316385
1224	316385
1224	316385
1224	316385
1224	316385
1224	316385
1224	316385
1224	316385
1224	316385
1224	316385
1224	316385
1224	316385
1224	316385
1224	316385
1224	316385
1224	316385
1224	316385
1224	316385
1224	316385
1224	316385
1224	316385
1224	316385
1224	316385
1224	316385
1224	316385
1224	316385
1224	316385
1224	316385
1224	316385
1224	316385
1224	316385
1224	316385
1224	316385
1224	316385
1224	316385
1224	316385
1224	316385
1224	316385
1224	316385
1224	316385
1224	316385
1224	316385
1224	316385
1224	316385
1224	316385
1224	316385
1224	316385
1224	316385
1224	316385
1224	316385
1224	316385
1224	316385
1224	316385
1224	316385
1224	316385
1224	316385
1224	316385
1224	316385
1224	316385
1224	316385
1224	316385
1224	316385
1224	316385
1224	316385
1224	316385
1224	316385
1224	316385
1224	316385
1224	316385
1224	316385
1224	316385
28883	316385
1224	316385
1224	316385
1224	316385
1224	316385
1224	316385
1224	316385
1224	316385
1224	316385
1224	316385
1224	316385
1224	316385
1224	316385
1224	316385
1224	316385
1224	316385
1224	316385
1224	316385
1224	316385
1224	316385
1224	316385
1224	316385
1224	316385
1224	316385
1224	316385
1224	316385
1224	316385
1224	316385
1224	316385
1224	316385
1224	316385
1224	316385
1224	316385
1224	316385
1224	316385
1224	316385
1224	316385
1224	316385
1224	316385
1224	316385
1224	316385
1224	316385
1224	316385
1224	316385
1224	316385
1224	316385
1224	316385
1224	316385
1224	316385
1224	316385
1224	316385
1224	316385
1224	316385
1224	316385
1224	316385
1224	316385
1224	316385
1224	316385
1224	316385
1224	316385
1224	316385
1224	316385
1224	316385
1224	316385
1224	316385
1224	316385
1224	316385
1224	316385
1224	316385
1224	316385
1224	316385
1224	316385
1224	316385
1224	316385
1224	316385
1224	316385
1224	316385
1224	316385
1224	316385
1224	316385
1224	316385
1224	316385
1224	316385
1224	316385
1224	316385
1224	316385
1224	316385
1224	316385
1224	316385
1224	316385
1224	316385
1224	316385
1224	316385
1224	316385
1224	316385
1224	316385
1224	316385
1224	316385
1224	316385
1224	316385
1224	316385
1224	316385
1224	316385
1224	316385
1224	316385
1224	316385
1224	316385
1224	316385
1224	316385
1	316385
1224	316385
1224	316385
1224	316385
1224	316385
1224	316385
1224	316385
1224	316385
1224	316385
1	316385
1224	316385
1224	316385
1224	316385
1224	316385
1224	316385
1224	316385
1224	316385
1224	316385
1224	316385
1224	316385
1224	316385
1224	316385
1117	240292
1117	240292
1117	240292
1117	240292
1224	240292
1117	240292
1117	240292
1117	240292
1117	240292
1117	240292
1117	240292
1117	240292
1117	240292
1117	240292
1117	240292
1117	240292
1117	240292
1117	240292
1117	240292
1117	240292
1117	240292
1239	240292
1224	240292
1117	240292
1117	240292
1117	240292
1117	240292
1117	240292
1117	240292
1239	240292
1117	240292
1117	240292
1117	240292
1117	240292
1117	240292
33090	240292
1117	240292
1117	240292
131567	240292
1239	240292
1117	240292
1117	240292
1117	240292
1117	240292
1117	240292
1117	240292
1224	240292
1239	240292
1117	240292
1117	240292
1117	240292
1117	240292
1117	240292
1117	240292
33090	240292
1117	240292
1117	240292
33090	240292
201174	240292
1117	240292
1117	240292
1117	240292
1224	240292
1117	240292
1117	240292
1117	240292
1117	240292
201174	240292
1117	240292
1117	240292
1117	240292
554915	240292
1117	240292
1117	240292
1224	240292
1117	240292
1117	240292
1117	240292
1117	240292
1224	240292
1117	240292
1117	240292
1117	240292
1117	240292
1117	240292
1224	240292
1117	240292
1117	240292
1117	240292
1117	240292
1117	240292
1224	240292
1117	240292
1117	240292
33090	240292
1117	240292
1117	240292
1117	240292
1224	240292
1117	240292
1117	240292
1117	240292
1117	240292
1117	240292
1117	240292
1117	240292
1117	240292
1117	240292
1117	240292
1117	240292
1117	240292
1117	240292
1117	240292
1239	240292
1224	240292
33090	240292
1117	240292
131567	240292
1117	240292
33090	240292
1117	240292
1117	240292
1224	240292
1117	240292
1117	240292
1117	240292
1117	240292
1239	240292
1224	240292
1117	240292
1117	240292
1117	240292
1117	240292
1117	240292
1117	240292
1117	240292
1239	240292
1117	240292
1224	240292
2	240292
1117	240292
2	240292
1224	240292
1117	240292
1117	240292
1117	240292
1117	240292
1117	240292
33154	240292
1117	240292
1117	240292
1117	240292
1117	240292
1117	240292
1117	240292
1117	240292
1117	240292
1117	240292
1117	240292
1117	240292
1117	240292
1117	240292
1117	240292
1117	240292
1117	240292
1117	240292
1117	240292
1117	240292
1117	240292
1224	240292
1117	240292
1117	240292
1117	240292
1117	240292
1224	240292
1117	240292
1117	240292
1117	240292
1117	240292
1117	240292
1117	240292
1117	240292
1117	240292
1117	240292
1117	240292
1117	240292
1117	240292
28890	240292
201174	240292
1117	240292
1117	240292
1117	240292
1224	240292
1224	240292
1117	240292
1117	240292
1117	240292
1117	240292
1117	240292
1117	240292
1117	240292
1117	240292
1117	240292
1117	240292
1117	240292
1239	240292
1117	240292
1117	240292
1117	240292
1117	240292
1117	240292
1117	240292
1117	240292
1117	240292
543769	240292
1117	240292
1117	240292
1117	240292
1117	240292
1117	240292
1117	240292
33090	240292
1117	240292
1117	240292
1117	240292
1117	240292
1117	240292
1117	240292
1239	240292
1117	240292
1117	240292
1117	240292
1117	240292
2759	240292
1117	240292
1117	240292
131567	240292
1117	240292
201174	240292
1117	240292
1117	240292
1117	240292
1117	240292
1117	240292
554915	240292
1117	240292
1117	240292
1117	240292
1224	240292
1117	240292
1117	240292
33154	240292
1117	240292
1117	240292
1117	240292
1117	240292
1117	240292
1117	240292
1117	240292
1117	240292
3027	240292
1117	240292
1117	240292
1117	240292
33090	240292
1239	240292
1117	240292
1117	240292
1117	240292
1117	240292
1117	240292
33090	240292
2763	240292
1117	240292
1117	240292
1117	240292
1117	240292
1117	240292
1117	240292
33154	240292
33090	240292
1224	240292
1117	240292
1117	240292
1117	240292
1117	240292
3027	240292
1117	240292
1117	240292
2759	240292
1117	240292
1117	240292
1117	240292
1117	240292
1117	240292
1117	240292
1117	240292
1117	240292
1117	240292
1117	240292
1224	240292
1117	240292
33154	240292
1117	240292
131567	240292
38254	240292
1117	240292
1117	240292
1117	240292
1117	240292
38254	240292
1224	240292
1117	240292
1117	240292
1117	240292
1117	240292
1117	240292
1117	240292
1117	240292
1117	240292
1117	240292
1224	240292
33154	240292
1117	240292
1117	240292
1117	240292
1117	240292
1117	240292
1117	240292
1117	240292
1117	240292
1117	240292
201174	240292
1224	240292
1117	240292
1117	240292
1117	240292
1117	240292
1117	240292
33090	240292
1117	240292
1117	240292
1117	240292
1117	240292
1117	240292
1117	240292
1117	240292
1117	240292
1117	240292
1117	240292
1239	240292
1117	240292
1224	240292
1239	240292
1117	240292
1117	240292
1239	240292
1117	240292
1117	240292
1117	240292
1117	240292
1117	240292
1117	240292
1117	240292
1117	240292
1117	240292
1117	240292
68336	240292
1117	240292
28890	240292
1117	240292
1117	240292
1117	240292
1117	240292
1117	240292
1117	240292
1117	240292
1117	240292
1117	240292
1117	240292
1117	240292
1117	240292
1117	240292
1117	240292
1239	240292
1117	240292
1117	240292
1117	240292
1117	240292
1117	240292
33090	240292
1117	240292
1117	240292
1117	240292
1117	240292
1117	240292
1117	240292
1224	240292
1117	240292
1117	240292
1117	240292
1117	240292
1117	240292
1117	240292
1117	240292
1117	240292
1117	240292
1117	240292
1117	240292
1117	240292
1117	240292
1117	240292
1117	240292
33090	240292
1117	240292
1117	240292
1117	240292
1117	240292
1117	240292
1117	240292
1117	240292
1117	240292
33090	240292
1117	240292
1117	240292
1117	240292
1224	177416
1224	177416
1224	177416
1224	177416
1224	177416
1224	177416
1224	177416
1224	177416
1224	177416
2763	177416
1224	177416
1224	177416
1224	177416
1224	177416
1224	177416
1224	177416
1224	177416
1224	177416
1224	177416
1224	177416
1224	177416
1224	177416
1224	177416
1224	177416
1224	177416
1239	177416
1224	177416
1224	177416
1224	177416
1224	177416
1239	177416
1224	177416
1224	177416
1224	177416
1224	177416
1224	177416
1224	177416
1224	177416
1224	177416
1224	177416
1224	177416
1224	177416
1224	177416
1224	177416
1224	177416
1224	177416
1224	177416
1224	177416
1224	177416
2	177416
1224	177416
1224	177416
1224	177416
1224	177416
1224	177416
1117	177416
1224	177416
1224	177416
1224	177416
1224	177416
1224	177416
1224	177416
1224	177416
1224	177416
1224	177416
1224	177416
1224	177416
1224	177416
1224	177416
1224	177416
1224	177416
1224	177416
1224	177416
1224	177416
1224	177416
1224	177416
1224	177416
1239	177416
1224	177416
1239	177416
1224	177416
1224	177416
1224	177416
10486	177416
1224	177416
1224	177416
1224	177416
28889	177416
1224	177416
1224	177416
1224	177416
1224	177416
1239	177416
1224	177416
1224	177416
1224	177416
1224	177416
1239	177416
1224	177416
1224	177416
1224	177416
1224	177416
1224	177416
1224	177416
1224	177416
1224	177416
1224	177416
1224	177416
1224	177416
1224	177416
1224	177416
1224	177416
1239	177416
1224	177416
1224	177416
1224	177416
1117	177416
1224	177416
1224	177416
1224	177416
1224	177416
1224	177416
1224	177416
1224	177416
1224	177416
1224	177416
1224	177416
1224	177416
1224	177416
1224	177416
1224	177416
1224	177416
1117	177416
1224	177416
1224	177416
1224	177416
1224	177416
1224	177416
1224	177416
1224	177416
2	177416
1224	177416
1224	177416
1224	177416
1224	177416
1224	177416
10508	10541
10508	10541
10508	10541
10508	10541
10508	10541
10508	10541
10508	10541
10508	10541
10508	10541
10508	10541
10508	10541
1224	205922
1224	205922
1224	205922
1224	205922
1224	205922
1224	205922
1224	205922
1224	205922
1224	205922
1224	205922
1224	205922
1224	205922
1224	205922
1224	205922
1224	205922
1224	205922
1224	205922
1224	205922
1224	205922
1224	205922
1224	205922
1224	205922
1224	205922
1239	205922
1224	205922
1224	205922
554915	205922
1224	205922
1224	205922
1224	205922
1224	205922
1224	205922
200918	205922
1224	205922
1224	205922
1224	205922
1224	205922
1224	205922
1224	205922
1224	205922
1224	205922
1224	205922
33154	205922
1224	205922
1224	205922
1224	205922
1224	205922
1239	205922
1224	205922
1224	205922
1224	205922
1224	205922
1224	205922
1224	205922
1224	205922
1224	205922
33154	205922
1224	205922
1224	205922
1224	205922
1224	205922
1224	205922
1224	205922
1224	205922
1224	205922
1224	205922
1224	205922
1224	205922
1224	205922
1224	205922
1224	205922
1224	205922
1224	205922
1224	205922
1224	205922
1224	205922
1224	205922
554915	205922
1224	205922
1224	205922
1224	205922
1224	205922
1224	205922
1224	205922
1224	205922
1224	205922
1224	205922
1224	205922
1224	205922
1224	205922
1224	205922
1224	205922
1224	205922
1224	205922
1224	205922
1224	205922
1224	205922
1224	205922
1224	205922
1224	205922
1224	205922
1224	205922
1224	205922
1224	205922
1224	205922
1224	205922
1224	205922
1224	205922
201174	205922
1224	205922
1224	205922
1224	205922
1224	205922
1224	205922
1224	205922
1224	205922
1224	205922
1224	205922
1224	205922
1224	205922
1224	205922
1224	205922
1224	205922
1224	205922
1224	205922
1224	205922
1224	205922
1224	205922
1224	205922
1224	205922
1224	205922
1224	205922
33154	205922
1224	205922
1224	205922
1224	205922
1224	205922
1224	205922
1224	205922
1224	205922
554915	205922
1224	205922
1224	205922
1224	205922
1224	205922
1224	205922
1224	205922
1224	205922
1224	205922
1224	205922
1224	205922
1224	205922
1224	205922
1224	205922
1224	205922
1224	205922
1224	205922
1224	205922
1224	205922
1224	205922
1224	205922
1224	205922
1224	205922
1224	205922
1224	205922
33154	205922
1224	205922
1224	205922
1224	205922
1224	205922
1224	205922
1224	205922
1224	205922
1224	205922
1224	205922
1224	205922
1224	205922
1224	205922
1224	205922
1224	205922
1224	205922
1224	205922
1224	205922
1224	205922
1224	205922
1224	205922
1224	205922
201174	205922
1224	205922
1224	205922
1224	205922
1224	205922
1224	205922
1224	205922
1224	205922
1224	205922
1239	205922
1224	205922
1224	205922
1224	205922
1224	205922
1224	205922
1224	205922
1224	205922
1224	205922
1224	205922
1224	205922
1224	205922
1224	205922
1224	205922
1239	205922
1224	205922
1239	205922
1224	205922
1224	205922
1224	205922
1224	205922
1224	205922
1224	205922
1224	205922
1224	205922
1224	205922
1224	205922
1224	205922
1224	205922
1224	205922
1224	205922
1224	205922
1239	205922
1224	205922
201174	205922
1224	205922
1224	205922
1224	205922
1224	205922
1224	205922
1224	205922
1224	205922
1224	205922
1224	205922
1224	205922
1224	205922
1224	205922
1224	205922
1224	205922
1224	205922
1224	205922
1224	205922
1224	205922
1224	205922
1224	205922
1224	205922
1224	205922
1224	205922
1224	205922
1224	205922
1224	205922
1224	205922
1224	205922
1224	205922
1224	205922
1224	205922
1224	205922
1224	205922
1224	205922
1224	205922
1224	205922
1224	205922
1224	205922
1224	205922
1224	205922
1224	205922
1224	205922
1224	205922
1224	205922
1224	205922
1224	205922
1224	205922
1224	205922
1224	205922
1224	205922
1224	205922
1224	205922
1224	205922
1224	205922
1224	205922
1224	205922
1224	205922
1224	205922
1224	205922
1224	205922
1224	205922
1224	205922
1224	205922
1224	205922
1224	205922
1224	205922
1224	205922
1224	205922
1224	205922
1224	205922
1224	205922
1224	205922
1224	205922
1224	205922
1224	205922
1224	205922
1239	205922
1224	205922
1224	205922
1224	205922
1224	205922
1224	205922
1224	205922
1224	205922
1224	205922
1239	205922
1224	205922
1224	205922
1224	205922
1224	205922
1224	205922
1224	205922
1224	205922
1224	205922
1224	205922
1224	205922
1224	205922
1224	205922
1224	205922
1224	205922
1224	205922
1224	205922
1224	205922
1224	205922
1224	205922
1224	205922
1224	205922
1224	205922
1224	205922
1224	205922
1224	205922
1224	205922
1224	205922
1224	205922
200783	205922
1117	205922
1224	205922
1224	205922
1224	205922
1224	205922
1224	205922
1224	205922
1224	205922
1224	205922
1224	205922
1224	205922
1224	205922
1224	205922
1224	205922
1224	205922
1224	205922
1224	205922
1224	205922
1224	205922
1224	205922
1224	205922
1224	205922
1224	205922
1224	205922
1224	205922
1224	205922
1224	205922
1224	205922
1224	205922
1224	205922
1239	205922
1224	205922
1224	205922
1224	205922
1224	205922
1224	205922
1224	205922
1224	205922
1224	205922
2	205922
1224	205922
1224	205922
1224	205922
1224	205922
1239	205922
1224	205922
1224	205922
1224	205922
1224	205922
1224	205922
1224	205922
1224	205922
1224	205922
1224	205922
1224	205922
1224	205922
1224	205922
1224	205922
1224	205922
1224	205922
1224	205922
1224	205922
1224	205922
1224	205922
1224	205922
1224	205922
1224	205922
1224	205922
1224	205922
1224	205922
1224	205922
1224	205922
1224	205922
1224	205922
1224	205922
1224	205922
1224	205922
1224	205922
1224	205922
1224	205922
1224	205922
1224	205922
1224	205922
1224	205922
1224	205922
1224	205922
1224	205922
1224	205922
1224	205922
1224	205922
1224	205922
1224	205922
1224	205922
1224	205922
1224	205922
1224	205922
1224	205922
1224	205922
1224	205922
1224	205922
1224	205922
1224	205922
1224	205922
1224	205922
1117	205922
1224	205922
1224	205922
1224	205922
1224	205922
1224	205922
1224	205922
1224	205922
1224	205922
1224	205922
1224	205922
1224	205922
1224	205922
1224	205922
1224	205922
1224	205922
1224	205922
1224	205922
1224	205922
1224	205922
1224	205922
1224	205922
1224	205922
1224	205922
1224	205922
1224	205922
1224	205922
1224	205922
1224	205922
1224	205922
1224	205922
1224	205922
1224	205922
1224	205922
1224	205922
1224	205922
1224	205922
1224	205922
1224	205922
1224	205922
1224	205922
1224	205922
1224	205922
1224	205922
1224	205922
1224	205922
1224	205922
1224	205922
1224	205922
1224	205922
1224	205922
1224	205922
1224	205922
1224	205922
1224	205922
1224	205922
1224	205922
1224	205922
1224	205922
1224	205922
1224	205922
1224	205922
1224	205922
1224	205922
1224	205922
1224	205922
1224	205922
1224	205922
1224	205922
1224	205922
1239	205922
51290	205922
1224	205922
1224	205922
1224	205922
1224	205922
1224	205922
1224	205922
1224	205922
1224	205922
1224	205922
1224	205922
1224	205922
1224	205922
1224	205922
1224	205922
1224	205922
1224	205922
